Version "Locarno 3.0"
BuildNumber 3002
Product bumblebee
SerialNumber 7420005
PartID BBXB3-13S2C
SensorResolution 1280 960
Date 11-Mar-2008 13:17:21
Debug off

Resolution 240 320
LowPass on
Rectify on
EdgeCorrelation on
DoStereo on
EdgeMaskSize 7
StereoMaskSize 11

Disparity 0 64
DisparityMappingOn off
DisparityMapping 0 64
TextureValidation on
TextureValidationThreshold 0.2
TextureValidationMapping 255
UniqueValidation off
UniqueValidationThreshold 0.8
UniqueValidationMapping 254
SubPixelInterpolate off
StrictSubpixelValidation off
SurfaceValidation on
SurfaceValidationMapping 253
SurfaceValidationDifference 1
SurfaceValidationSize 200

CameraConfiguration 2CameraHorizontal
FocalLength 0.756923 1.00923 
ImageCenter 0.501442 0.50255
BaseLine 0.240156 

ShearAngle 90 
SkewingMatrix 1 3.90312e-18 0 0 0 1 0 0 0 0 1 0 0 0 0 1 
UnskewingMatrix 1 -3.90312e-18 0 0 0 1 0 0 -0 -0 1 0 0 0 0 1 
BeginCamera
  Id 0
  Channel red
  Position 0 0 0
  Gain 1
  Warp 0 1
  IWarp 6 7
EndCamera

BeginCamera
  Id 1
  Channel green
  Position -1 0 0
  Gain 1
  Warp 2 3
  IWarp 8 9
EndCamera

BeginWarp
  Id 0
  NumberKnots 14
  KnotsX 0 0 0 0 0.142857 0.285714 0.428571 0.571429 0.714286 0.857143 1 1 1 1
  KnotsY 0 0 0 0 0.142857 0.285714 0.428571 0.571429 0.714286 0.857143 1 1 1 1
  NumberCoefs 10 10
  Coefs
  0.0596506 0.0552465 0.0472183 0.0386402 0.0344759 0.0352645
  0.0409884 0.0510766 0.0600621 0.0649296 0.0935298 0.0892396
  0.0813978 0.0729972 0.068927 0.0697332 0.0753958 0.0853334
  0.0941454 0.0989043 0.166664 0.162771 0.155622 0.147944
  0.144266 0.145111 0.150452 0.159724 0.167869 0.17224
  0.292493 0.289867 0.285053 0.280008 0.277791 0.278699
  0.282693 0.289419 0.295264 0.298381 0.430754 0.42997
  0.428584 0.427368 0.427215 0.428171 0.430196 0.433168
  0.435618 0.436903 0.573803 0.575079 0.577515 0.580486
  0.582521 0.583501 0.583386 0.582219 0.580866 0.580098
  0.712371 0.71549 0.721351 0.728129 0.732191 0.733172
  0.731032 0.726057 0.721276 0.718663 0.838728 0.843112
  0.851298 0.860665 0.866119 0.867075 0.863492 0.855879
  0.848747 0.844856 0.912282 0.91706 0.925922 0.935966
  0.94175 0.942671 0.938691 0.930344 0.922508 0.918214
  0.946374 0.951262 0.9603 0.970496 0.976341 0.977243
  0.973165 0.964633 0.956606 0.952195 
EndWarp

BeginWarp
  Id 1
  NumberKnots 12
  KnotsX 0 0 0 0 0.2 0.4 0.6 0.8 1 1 1 1
  KnotsY 0 0 0 0 0.2 0.4 0.6 0.8 1 1 1 1
  NumberCoefs 8 8
  Coefs
  0.0592046 0.111775 0.223789 0.407439 0.597101 0.780837
  0.892919 0.945511 0.0470569 0.100512 0.21493 0.403819
  0.599378 0.788394 0.90293 0.956432 0.0235558 0.0785497
  0.19736 0.396458 0.603768 0.803107 0.922159 0.977264
  0.000604607 0.056915 0.179895 0.388627 0.60659 0.815721
  0.939169 0.99571 -0.00184939 0.0544292 0.177367 0.386127
  0.604198 0.813493 0.937066 0.993667 0.0165629 0.0714793
  0.190186 0.389347 0.596935 0.796703 0.916081 0.971347
  0.0375898 0.0909619 0.205274 0.394245 0.59013 0.779651
  0.894579 0.948279 0.0486374 0.101127 0.21304 0.396784
  0.586786 0.771046 0.88354 0.936342 
EndWarp

BeginWarp
  Id 2
  NumberKnots 14
  KnotsX 0 0 0 0 0.142857 0.285714 0.428571 0.571429 0.714286 0.857143 1 1 1 1
  KnotsY 0 0 0 0 0.142857 0.285714 0.428571 0.571429 0.714286 0.857143 1 1 1 1
  NumberCoefs 10 10
  Coefs
  0.0596743 0.0552571 0.0472011 0.0385802 0.0343774 0.0351364
  0.0408405 0.0509142 0.0598886 0.0647493 0.0934071 0.0891044
  0.0812362 0.0727955 0.0686906 0.0694731 0.0751244 0.085058
  0.0938664 0.098622 0.166242 0.162339 0.155166 0.147453
  0.143747 0.144579 0.149927 0.159216 0.167373 0.171749
  0.291633 0.289003 0.284178 0.279116 0.27689 0.277801
  0.28182 0.288586 0.294459 0.297587 0.42948 0.428702
  0.427327 0.42613 0.426001 0.426987 0.429049 0.432066
  0.434543 0.435841 0.572129 0.573422 0.575896 0.578929
  0.581029 0.58207 0.582006 0.580877 0.579545 0.578787
  0.710288 0.713434 0.719354 0.726229 0.730386 0.731451
  0.729373 0.724439 0.719678 0.717076 0.836215 0.840633
  0.848889 0.858367 0.863931 0.864983 0.861476 0.853922
  0.846825 0.842952 0.909478 0.91429 0.923223 0.933382
  0.939278 0.940303 0.936413 0.928144 0.920357 0.916089
  0.943428 0.948349 0.95746 0.967772 0.973731 0.97474
  0.970759 0.962314 0.954343 0.949962 
EndWarp

BeginWarp
  Id 3
  NumberKnots 12
  KnotsX 0 0 0 0 0.2 0.4 0.6 0.8 1 1 1 1
  KnotsY 0 0 0 0 0.2 0.4 0.6 0.8 1 1 1 1
  NumberCoefs 8 8
  Coefs
  0.0664167 0.118816 0.230496 0.413663 0.602842 0.78607
  0.897801 0.950223 0.0543402 0.107626 0.221717 0.410137
  0.605224 0.793732 0.907905 0.961228 0.0309509 0.0857817
  0.204279 0.402944 0.609824 0.808664 0.927327 0.982236
  0.00803553 0.0641862 0.186864 0.395196 0.612797 0.821484
  0.944519 1.00085 0.00547961 0.0615959 0.184227 0.392582
  0.61029 0.819143 0.942308 0.998697 0.0236667 0.0784132
  0.196794 0.395509 0.602666 0.801942 0.92094 0.976016
  0.0444774 0.0976729 0.211642 0.40013 0.59554 0.784561
  0.899136 0.952663 0.0554072 0.107717 0.219281 0.402527
  0.592043 0.775802 0.887956 0.940592 
EndWarp

BeginWarp
  Id 6
  NumberKnots 14
  KnotsX 0 0 0 0 0.142857 0.285714 0.428571 0.571429 0.714286 0.857143 1 1 1 1
  KnotsY 0 0 0 0 0.142857 0.285714 0.428571 0.571429 0.714286 0.857143 1 1 1 1
  NumberCoefs 10 10
  Coefs
  -0.104744 -0.0930287 -0.0741045 -0.0568613 -0.0491565 -0.0502144
  -0.06009 -0.0796794 -0.10039 -0.11309 -0.0256216 -0.0157131
  0.00021809 0.0146098 0.0209486 0.0199372 0.0115264 -0.00509511
  -0.0227135 -0.0335489 0.110877 0.11774 0.12866 0.138317
  0.142398 0.141457 0.135452 0.12374 0.111282 0.10358
  0.278064 0.281585 0.287087 0.291735 0.293458 0.29258
  0.28907 0.282526 0.275621 0.271341 0.426475 0.427393
  0.428748 0.429653 0.429639 0.428802 0.42711 0.424404
  0.421723 0.420089 0.568965 0.567536 0.56518 0.562774
  0.561234 0.560418 0.560298 0.560948 0.562012 0.562744
  0.716475 0.712466 0.706001 0.69988 0.696603 0.695792
  0.697415 0.701782 0.706954 0.710265 0.881544 0.874236
  0.862425 0.851348 0.845704 0.844877 0.848833 0.858113
  0.868594 0.875186 1.01537 1.00506 0.988304 0.97254
  0.964617 0.963764 0.969943 0.983851 0.99923 1.0088
  1.09265 1.08056 1.06086 1.04226 1.03296 1.03209
  1.03962 1.05632 1.07462 1.08596 
EndWarp

BeginWarp
  Id 7
  NumberKnots 13
  KnotsX 0 0 0 0 0.166667 0.333333 0.5 0.666667 0.833333 1 1 1 1
  KnotsY 0 0 0 0 0.166667 0.333333 0.5 0.666667 0.833333 1 1 1 1
  NumberCoefs 9 9
  Coefs
  -0.105749 -0.0246854 0.122095 0.31559 0.497007 0.678329
  0.871534 1.018 1.09888 -0.0793067 -0.00200498 0.138179
  0.323644 0.497975 0.672233 0.857473 0.997405 1.07457
  -0.0399162 0.0316324 0.161861 0.335507 0.499597 0.663652
  0.837185 0.967281 1.03876 -0.00866564 0.0582073 0.180499
  0.34508 0.501545 0.658015 0.822608 0.944905 1.01178
  0.00257401 0.0678819 0.187551 0.349216 0.503285 0.657389
  0.819156 0.938941 1.00433 -0.00340039 0.0631547 0.184923
  0.348944 0.504982 0.66108 0.82529 0.947285 1.01399
  -0.028577 0.0422666 0.171321 0.343685 0.506782 0.669975
  0.842641 0.972072 1.04317 -0.0626874 0.0135539 0.151953
  0.335429 0.508198 0.681101 0.865003 1.00394 1.08055
  -0.0859355 -0.00614977 0.138468 0.329529 0.509021 0.688674
  0.880246 1.02551 1.10573 
EndWarp

BeginWarp
  Id 8
  NumberKnots 14
  KnotsX 0 0 0 0 0.142857 0.285714 0.428571 0.571429 0.714286 0.857143 1 1 1 1
  KnotsY 0 0 0 0 0.142857 0.285714 0.428571 0.571429 0.714286 0.857143 1 1 1 1
  NumberCoefs 10 10
  Coefs
  -0.10722 -0.0951173 -0.0755482 -0.0576002 -0.0493669 -0.050013
  -0.0595516 -0.0788475 -0.0993705 -0.111973 -0.0273552 -0.0171294
  -0.00067049 0.0142967 0.0210682 0.0203962 0.0122658 -0.00410913
  -0.0215702 -0.0323235 0.11023 0.1173 0.128562 0.138593
  0.142956 0.14224 0.136427 0.124889 0.112544 0.104901
  0.278437 0.28205 0.287703 0.292515 0.294363 0.29359
  0.290174 0.283723 0.276882 0.272637 0.427618 0.428538
  0.429895 0.430801 0.43079 0.429959 0.428281 0.425598
  0.42294 0.421321 0.570868 0.569355 0.56686 0.564301
  0.562648 0.561748 0.561566 0.562177 0.56323 0.563961
  0.719354 0.715161 0.70839 0.701938 0.698416 0.697422
  0.69891 0.703181 0.708314 0.711612 0.885917 0.878292
  0.865951 0.854301 0.848238 0.847105 0.85084 0.859969
  0.87039 0.87696 1.02141 1.01065 0.993152 0.976578
  0.968069 0.966793 0.972676 0.986387 1.00169 1.01123
  1.09982 1.0872 1.06662 1.04707 1.03707 1.0357
  1.04289 1.05936 1.07757 1.08888 
EndWarp

BeginWarp
  Id 9
  NumberKnots 13
  KnotsX 0 0 0 0 0.166667 0.333333 0.5 0.666667 0.833333 1 1 1 1
  KnotsY 0 0 0 0 0.166667 0.333333 0.5 0.666667 0.833333 1 1 1 1
  NumberCoefs 9 9
  Coefs
  -0.116777 -0.0346577 0.113679 0.308498 0.490621 0.672247
  0.865473 1.01179 1.09257 -0.0897203 -0.011461 0.130125
  0.316766 0.491706 0.666205 0.851422 0.991197 1.06824
  -0.049451 0.0229118 0.15432 0.328935 0.493507 0.657721
  0.83118 0.961098 1.03245 -0.0175532 0.0500291 0.173342
  0.338754 0.495624 0.652215 0.816713 0.938831 1.0056
  -0.00612977 0.059866 0.180527 0.343003 0.497474 0.651708
  0.813404 0.933035 0.998321 -0.0123342 0.0549642 0.177813
  0.342735 0.49924 0.655525 0.819727 0.941623 1.00826
  -0.0382429 0.0334878 0.163851 0.337344 0.501069 0.664581
  0.837369 0.9668 1.03788 -0.0733286 0.00397572 0.143967
  0.328864 0.502475 0.67587 0.860056 0.999102 1.07575
  -0.0972474 -0.016282 0.130118 0.322801 0.503284 0.68355
  0.875515 1.02096 1.10125 
EndWarp

Version "Locarno 3.0"
BuildNumber 3002
Product bumblebee
SerialNumber 7420005
PartID BBXB3-13S2C
SensorResolution 1280 960
Date 11-Mar-2008 13:21:27
Debug off

Resolution 240 320
LowPass on
Rectify on
EdgeCorrelation on
DoStereo on
EdgeMaskSize 7
StereoMaskSize 11

Disparity 0 64
DisparityMappingOn off
DisparityMapping 0 64
TextureValidation on
TextureValidationThreshold 0.2
TextureValidationMapping 255
UniqueValidation off
UniqueValidationThreshold 0.8
UniqueValidationMapping 254
SubPixelInterpolate off
StrictSubpixelValidation off
SurfaceValidation on
SurfaceValidationMapping 253
SurfaceValidationDifference 1
SurfaceValidationSize 200

CameraConfiguration 2CameraHorizontal
FocalLength 0.76107 1.01476 
ImageCenter 0.50406 0.495369
BaseLine 0.120097 

ShearAngle 90 
SkewingMatrix 1 -1.92444e-18 0 0 0 1 0 0 0 0 1 0 0 0 0 1 
UnskewingMatrix 1 1.92444e-18 0 0 0 1 0 0 -0 -0 1 0 0 0 0 1 
BeginCamera
  Id 0
  Channel red
  Position 0 0 0
  Gain 1
  Warp 0 1
  IWarp 6 7
EndCamera

BeginCamera
  Id 1
  Channel green
  Position -1 0 0
  Gain 1
  Warp 2 3
  IWarp 8 9
EndCamera

BeginWarp
  Id 0
  NumberKnots 14
  KnotsX 0 0 0 0 0.142857 0.285714 0.428571 0.571429 0.714286 0.857143 1 1 1 1
  KnotsY 0 0 0 0 0.142857 0.285714 0.428571 0.571429 0.714286 0.857143 1 1 1 1
  NumberCoefs 10 10
  Coefs
  0.0609231 0.05665 0.0489004 0.0407598 0.0370106 0.0381482
  0.0441236 0.054354 0.063367 0.0682351 0.09463 0.0904695
  0.0829051 0.0749428 0.071289 0.0724443 0.0783572 0.0884344
  0.0972719 0.10203 0.167404 0.163635 0.156752 0.149501
  0.146229 0.147412 0.152996 0.162401 0.17057 0.174941
  0.292671 0.290143 0.285542 0.280839 0.278948 0.280133
  0.284339 0.291201 0.297087 0.300214 0.430405 0.429678
  0.428416 0.427402 0.42745 0.428593 0.430782 0.433892
  0.43641 0.437724 0.573053 0.574343 0.576808 0.579829
  0.581933 0.583001 0.582991 0.581942 0.580677 0.579953
  0.711417 0.714521 0.720343 0.727054 0.731067 0.732038
  0.729935 0.725045 0.720353 0.717789 0.83775 0.842108
  0.850228 0.859471 0.864806 0.865678 0.862067 0.854494
  0.847432 0.843585 0.911362 0.916113 0.924908 0.934824
  0.940477 0.941293 0.937259 0.928922 0.921137 0.916878
  0.945491 0.950352 0.959325 0.969395 0.975107 0.975899
  0.971758 0.963225 0.95524 0.950859 
EndWarp

BeginWarp
  Id 1
  NumberKnots 12
  KnotsX 0 0 0 0 0.2 0.4 0.6 0.8 1 1 1 1
  KnotsY 0 0 0 0 0.2 0.4 0.6 0.8 1 1 1 1
  NumberCoefs 8 8
  Coefs
  0.0691309 0.121723 0.233667 0.416698 0.605216 0.787484
  0.898563 0.950685 0.0571075 0.110608 0.224999 0.413273
  0.607632 0.795096 0.908575 0.961586 0.0337994 0.088895
  0.207778 0.406283 0.612273 0.809879 0.927775 0.982352
  0.0107188 0.0672015 0.190387 0.398585 0.615216 0.822547
  0.944767 1.00076 0.00755268 0.064027 0.187242 0.395644
  0.612592 0.820277 0.942709 0.998795 0.0248552 0.0799431
  0.198915 0.397937 0.604742 0.803267 0.92173 0.976566
  0.0451117 0.0986284 0.213166 0.402068 0.597385 0.785945
  0.900128 0.953469 0.0557953 0.108417 0.22054 0.404242
  0.593761 0.77718 0.88901 0.941487 
EndWarp

BeginWarp
  Id 2
  NumberKnots 14
  KnotsX 0 0 0 0 0.142857 0.285714 0.428571 0.571429 0.714286 0.857143 1 1 1 1
  KnotsY 0 0 0 0 0.142857 0.285714 0.428571 0.571429 0.714286 0.857143 1 1 1 1
  NumberCoefs 10 10
  Coefs
  0.0720924 0.0675903 0.0593518 0.0503921 0.0457571 0.0459697
  0.05101 0.0603197 0.0687405 0.0733203 0.105592 0.101198
  0.0931344 0.0843341 0.0797743 0.079987 0.0849518 0.0941007
  0.102344 0.106814 0.177906 0.173894 0.16649 0.15836
  0.15414 0.154346 0.158958 0.167426 0.175002 0.179086
  0.302352 0.299568 0.294414 0.288778 0.285888 0.286054
  0.289267 0.295187 0.300489 0.303336 0.439159 0.438167
  0.436338 0.434373 0.433405 0.433513 0.434693 0.436852
  0.43879 0.43983 0.580796 0.58182 0.58372 0.585809
  0.586919 0.586963 0.58594 0.583937 0.582096 0.581104
  0.718087 0.720923 0.726184 0.731987 0.735039 0.73502
  0.731935 0.726122 0.720879 0.718059 0.843339 0.847427
  0.854986 0.863337 0.867745 0.867679 0.863153 0.854726
  0.847156 0.843073 0.916275 0.920756 0.928994 0.938036
  0.942792 0.942713 0.937815 0.928677 0.920415 0.915932
  0.950085 0.954678 0.963098 0.972305 0.977137 0.977056
  0.972076 0.962766 0.954318 0.949721 
EndWarp

BeginWarp
  Id 3
  NumberKnots 12
  KnotsX 0 0 0 0 0.2 0.4 0.6 0.8 1 1 1 1
  KnotsY 0 0 0 0 0.2 0.4 0.6 0.8 1 1 1 1
  NumberCoefs 8 8
  Coefs
  0.0536186 0.105742 0.216725 0.398322 0.58549 0.766545
  0.876934 0.928744 0.0422631 0.095292 0.20871 0.395527
  0.588513 0.774732 0.887495 0.940181 0.0203925 0.0750157
  0.192915 0.389941 0.594531 0.790827 0.907942 0.962164
  -0.000328613 0.0557034 0.177933 0.384707 0.599988 0.805947
  0.927258 0.982828 -0.00110877 0.0549638 0.177309 0.384362
  0.599963 0.806207 0.927644 0.983261 0.0183013 0.0730446
  0.191262 0.389001 0.594412 0.791442 0.908901 0.963258
  0.0396209 0.0928172 0.206651 0.394326 0.588278 0.775379
  0.888589 0.941462 0.0507592 0.10307 0.21451 0.397014
  0.585193 0.767183 0.87806 0.930078 
EndWarp

BeginWarp
  Id 6
  NumberKnots 14
  KnotsX 0 0 0 0 0.142857 0.285714 0.428571 0.571429 0.714286 0.857143 1 1 1 1
  KnotsY 0 0 0 0 0.142857 0.285714 0.428571 0.571429 0.714286 0.857143 1 1 1 1
  NumberCoefs 10 10
  Coefs
  -0.109397 -0.0975587 -0.0784479 -0.0610571 -0.0533095 -0.0544157
  -0.064428 -0.0842503 -0.105191 -0.11803 -0.0293707 -0.0193749
  -0.0033146 0.0111689 0.0175189 0.0164481 0.00790835 -0.00891851
  -0.0267349 -0.0376882 0.108526 0.115425 0.12639 0.136058
  0.140103 0.139085 0.132961 0.121081 0.108472 0.100681
  0.277155 0.280664 0.286136 0.290721 0.292363 0.291388
  0.287761 0.281077 0.274055 0.269709 0.42665 0.427526
  0.428801 0.42959 0.429463 0.428509 0.426695 0.423856
  0.421074 0.419385 0.570015 0.56852 0.566044 0.563481
  0.561797 0.560845 0.560589 0.561102 0.562067 0.562747
  0.718266 0.71417 0.707547 0.701228 0.697776 0.696804
  0.698274 0.702487 0.70755 0.710804 0.883975 0.876557
  0.864551 0.853231 0.847375 0.846356 0.850127 0.859221
  0.869568 0.876086 1.01814 1.00771 0.990733 0.974692
  0.966527 0.96545 0.97141 0.985089 1.00029 1.00977
  1.09555 1.08333 1.06339 1.04451 1.03494 1.03383
  1.04111 1.05755 1.07565 1.08688 
EndWarp

BeginWarp
  Id 7
  NumberKnots 13
  KnotsX 0 0 0 0 0.166667 0.333333 0.5 0.666667 0.833333 1 1 1 1
  KnotsY 0 0 0 0 0.166667 0.333333 0.5 0.666667 0.833333 1 1 1 1
  NumberCoefs 9 9
  Coefs
  -0.120611 -0.0387089 0.109501 0.304707 0.4876 0.670298
  0.86489 1.01236 1.0938 -0.093519 -0.0154643 0.126009
  0.313031 0.488713 0.664232 0.850737 0.991583 1.06924
  -0.0531445 0.0190308 0.150343 0.325319 0.490576 0.655724
  0.830345 0.961212 1.0331 -0.0209179 0.0464675 0.169656
  0.335359 0.492819 0.650223 0.815733 0.938666 1.00588
  -0.00895757 0.0567902 0.177235 0.339882 0.494826 0.649749
  0.812315 0.932641 0.998307 -0.0143343 0.0526103 0.175069
  0.339967 0.496787 0.653614 0.818525 0.940986 1.00793
  -0.0389423 0.0322494 0.161923 0.335074 0.498871 0.66271
  0.835988 0.965809 1.0371 -0.072613 0.0039443 0.142908
  0.327105 0.500514 0.674001 0.858439 0.997695 1.07444
  -0.0955887 -0.0155089 0.129637 0.321377 0.50147 0.681665
  0.873722 1.01925 1.09958 
EndWarp

BeginWarp
  Id 8
  NumberKnots 14
  KnotsX 0 0 0 0 0.142857 0.285714 0.428571 0.571429 0.714286 0.857143 1 1 1 1
  KnotsY 0 0 0 0 0.142857 0.285714 0.428571 0.571429 0.714286 0.857143 1 1 1 1
  NumberCoefs 10 10
  Coefs
  -0.125977 -0.113526 -0.09339 -0.0749431 -0.0665578 -0.0674342
  -0.0776529 -0.0981741 -0.119957 -0.133324 -0.0441154 -0.0335481
  -0.0165225 -0.00100752 0.0060163 0.00527184 -0.00331468 -0.020613
  -0.0390706 -0.0504378 0.0964374 0.103845 0.115688 0.126358
  0.131144 0.130617 0.124718 0.112756 0.0998546 0.0918497
  0.267255 0.271225 0.277512 0.283091 0.285556 0.285252
  0.282144 0.275808 0.268892 0.264564 0.417921 0.419244
  0.421324 0.423137 0.42391 0.423766 0.42269 0.420528
  0.418164 0.41668 0.561858 0.560827 0.559196 0.55773
  0.557041 0.557032 0.557709 0.559185 0.560843 0.561893
  0.710288 0.706702 0.701013 0.695924 0.693608 0.693749
  0.696374 0.701858 0.707903 0.711698 0.875888 0.869054
  0.858124 0.848246 0.843747 0.844091 0.849326 0.860088
  0.871767 0.87903 1.00987 1.00009 0.984326 0.969934
  0.96335 0.963888 0.971611 0.987327 1.00417 1.01457
  1.0872 1.07567 1.05702 1.03991 1.03206 1.03272
  1.04195 1.06064 1.08056 1.09281 
EndWarp

BeginWarp
  Id 9
  NumberKnots 13
  KnotsX 0 0 0 0 0.166667 0.333333 0.5 0.666667 0.833333 1 1 1 1
  KnotsY 0 0 0 0 0.166667 0.333333 0.5 0.666667 0.833333 1 1 1 1
  NumberCoefs 9 9
  Coefs
  -0.102991 -0.0209429 0.127696 0.324114 0.508992 0.694794
  0.894184 1.04657 1.13109 -0.0768175 0.00131347 0.143082
  0.331089 0.508463 0.686687 0.877448 1.02272 1.10319
  -0.0380205 0.0341337 0.165557 0.341199 0.507718 0.674963
  0.85299 0.987515 1.06176 -0.00769817 0.0595856 0.182736
  0.348852 0.50722 0.666201 0.83436 0.960239 1.02939
  0.0026583 0.0682509 0.188561 0.351474 0.507145 0.663387
  0.828221 0.951126 1.01851 -0.00409442 0.0626519 0.184896
  0.349963 0.507426 0.665495 0.832583 0.957532 1.02613
  -0.0299216 0.041041 0.170438 0.343696 0.508133 0.673284
  0.848885 0.981339 1.05437 -0.0644093 0.0119204 0.150602
  0.334915 0.509031 0.68398 0.870995 1.01312 1.09175
  -0.0878502 -0.00798532 0.136895 0.328783 0.509645 0.691411
  0.886213 1.03477 1.11707 
EndWarp

   