
279.575, 257.801, 0.20027, 0.57763, 3.52969
265.127, 261.888, 0.0759421, 0.606481, 3.49259
250.222, 265.891, -0.0546238, 0.63688, 3.46797
235.009, 269.797, -0.182952, 0.665362, 3.436
277.951, 243.892, 0.1805, 0.448826, 3.48863
263.216, 247.78, 0.0578572, 0.479087, 3.4553
248.366, 251.84, -0.0709212, 0.508067, 3.41785
232.871, 255.8, -0.205786, 0.537461, 3.38772
276.251, 229.504, 0.170139, 0.32362, 3.4553
261.408, 233.384, 0.0400652, 0.353598, 3.41121
246.315, 237.399, -0.0870403, 0.384188, 3.38027
230.626, 241.391, -0.219576, 0.412991, 3.33988
274.665, 215.038, 0.150998, 0.200226, 3.41311
259.604, 218.645, 0.0227653, 0.22328, 3.37471
244.249, 222.417, -0.102281, 0.253338, 3.32633
228.413, 226.37, -0.233483, 0.284366, 3.30044
273.158, 200.103, 0.140362, 0.071186, 3.36271
257.728, 203.558, 0.00580812, 0.0953339, 3.32543
242.08, 207.177, -0.117417, 0.127004, 3.28457
226.066, 211.037, -0.246347, 0.15828, 3.25243
271.44, 184.663, 0.121557, -0.0622814, 3.30843
255.807, 187.981, -0.0106355, -0.0370333, 3.26972
239.964, 191.592, -0.140324, -0.00430752, 3.2447
223.664, 195.203, -0.266646, 0.0277758, 3.20329
269.928, 168.929, 0.103651, -0.192068, 3.26538
253.88, 172.143, -0.0266697, -0.157785, 3.23191
237.887, 175.637, -0.153985, -0.131885, 3.19165
221.11, 179.025, -0.278739, -0.0989458, 3.15886



144.54, 143.959, -1.44862, -0.626021, 5.16048
133.265, 145.052, -1.57073, -0.59276, 5.09632
122.562, 146.743, -1.68571, -0.571494, 5.02141
110.399, 148.2, -1.81631, -0.540433, 4.96665
141.644, 133.399, -1.48794, -0.755331, 5.16265
131.328, 134.764, -1.59028, -0.730165, 5.07739
119.512, 135.895, -1.72126, -0.708695, 5.01526
108.613, 137.205, -1.83965, -0.67645, 4.96264
139.889, 123.023, -1.51311, -0.884008, 5.16048
128.521, 123.939, -1.63038, -0.870852, 5.08368
117.671, 125.134, -1.74847, -0.835081, 5.02141
105.774, 126.312, -1.87914, -0.813888, 4.96866
136.787, 112.588, -1.55377, -1.02719, 5.16699
126.639, 113.564, -1.6606, -1.00082, 5.09844
114.995, 114.357, -1.78832, -0.974343, 5.02757
103.93, 115.487, -1.89938, -0.948208, 4.95664
134.916, 101.759, -1.58292, -1.17173, 5.17786
123.622, 103.003, -1.69953, -1.12873, 5.10055
113.089, 103.806, -1.80015, -1.11213, 5.02551
101.166, 104.355, -1.93038, -1.088, 4.97268
132.304, 91.7068, -1.61084, -1.3028, 5.18441
122.203, 92.3234, -1.71727, -1.27267, 5.1154
110.235, 93.021, -1.84009, -1.23927, 5.03168
99.2721, 93.7223, -1.95287, -1.22325, 4.96665
130.864, 81.1709, -1.63607, -1.43179, 5.18223
119.285, 81.5725, -1.74619, -1.40573, 5.08789
108.655, 82.2788, -1.86907, -1.38044, 5.042
96.1458, 82.7042, -1.99495, -1.36312, 4.97872


315.757, 185.523, 0.563156, -0.0626594, 3.83815
301.108, 186.341, 0.427905, -0.0529497, 3.82978
287.046, 186.772, 0.296002, -0.0533317, 3.85741
272.699, 187.297, 0.151655, -0.0437719, 3.86468
315.314, 171.785, 0.556555, -0.194667, 3.79316
301.127, 172.35, 0.426048, -0.186161, 3.81316
286.48, 172.99, 0.282199, -0.185586, 3.80137
272.25, 173.589, 0.149912, -0.176959, 3.82026
315.325, 157.377, 0.551115, -0.324208, 3.75609
300.725, 157.934, 0.410659, -0.324506, 3.75953
286.083, 158.702, 0.280121, -0.316269, 3.77337
271.592, 159.401, 0.138853, -0.307308, 3.77917
315.228, 142.826, 0.545616, -0.460401, 3.71861
300.554, 143.838, 0.40742, -0.452474, 3.72988
285.439, 144.588, 0.268139, -0.444094, 3.73782
271.005, 145.094, 0.13771, -0.435943, 3.74807
315.033, 128.214, 0.539256, -0.583651, 3.67526
300.005, 128.88, 0.40314, -0.586103, 3.6907
285.19, 129.635, 0.265716, -0.578963, 3.70404
270.29, 130.344, 0.126643, -0.568847, 3.69847
314.788, 113.074, 0.524893, -0.714408, 3.63937
299.606, 113.726, 0.388436, -0.714408, 3.63937
284.53, 114.709, 0.252278, -0.706146, 3.64368
269.565, 115.365, 0.116348, -0.701194, 3.6654
314.844, 97.8015, 0.517088, -0.847175, 3.58526
299.341, 98.4495, 0.385131, -0.843624, 3.6084
284.182, 99.2849, 0.250496, -0.836814, 3.61795
268.757, 100.23, 0.10608, -0.829968, 3.62756



356.418, 248.004, 0.716377, 0.405752, 2.87457
340.239, 253.849, 0.593365, 0.435771, 2.83612
324.034, 259.363, 0.472633, 0.471029, 2.79297
306.909, 265.114, 0.340928, 0.503989, 2.74435
354.527, 230.555, 0.693896, 0.273222, 2.84136
338.349, 235.75, 0.572715, 0.30472, 2.80443
321.873, 241.289, 0.445218, 0.340415, 2.75295
304.526, 247.033, 0.323241, 0.375897, 2.71107
352.666, 212.347, 0.672389, 0.143817, 2.81084
336.429, 217.207, 0.551277, 0.176169, 2.7672
319.487, 222.849, 0.42649, 0.207256, 2.72127
301.711, 228.697, 0.297919, 0.243067, 2.6664
350.811, 194.226, 0.650751, 0.0171469, 2.77845
334.21, 198.723, 0.530519, 0.044169, 2.73155
317.172, 203.803, 0.406942, 0.0768909, 2.6821
299.402, 209.006, 0.281718, 0.115257, 2.6395
349.458, 174.99, 0.633782, -0.11986, 2.73519
332.111, 179.908, 0.509173, -0.0842879, 2.6909
315.002, 184.376, 0.388534, -0.0498492, 2.64802
296.842, 189.227, 0.257939, -0.0164456, 2.59933
347.438, 155.918, 0.611003, -0.246096, 2.69503
330.372, 159.858, 0.48919, -0.215932, 2.65546
312.591, 164.24, 0.362894, -0.179373, 2.60649
294.416, 169.214, 0.240921, -0.143989, 2.55664
346.077, 135.412, 0.596295, -0.375805, 2.65948
328.035, 139.87, 0.468629, -0.343348, 2.6148
310.15, 143.6, 0.344389, -0.311247, 2.56571
291.014, 148.409, 0.218792, -0.274484, 2.52255


379.99, 194.661, 0.976103, 0.0196408, 3.18256
366.989, 198.586, 0.85934, 0.050675, 3.1339
353.05, 202.318, 0.743296, 0.0804715, 3.07513
338.479, 206.666, 0.619017, 0.109628, 3.03116
369.183, 188.305, 0.926275, -0.0290222, 3.28808
356.705, 192.217, 0.807339, 0.00379707, 3.23958
342.146, 195.434, 0.684236, 0.0276964, 3.19414
328.597, 199.122, 0.562235, 0.0585684, 3.1371
359.263, 182.552, 0.871103, -0.0808439, 3.39333
345.437, 186.069, 0.742923, -0.0463274, 3.3508
332.63, 189.024, 0.625012, -0.0208982, 3.3031
318.148, 192.324, 0.501738, 0.00381315, 3.25329
348.386, 176.657, 0.806508, -0.136599, 3.51858
334.967, 179.852, 0.676408, -0.10909, 3.4827
322.559, 183.013, 0.560668, -0.0728038, 3.41406
308.97, 186.017, 0.435869, -0.0466323, 3.37285
339.75, 171.149, 0.747235, -0.185511, 3.61476
326.562, 174.304, 0.62354, -0.156837, 3.57899
312.995, 176.97, 0.493695, -0.137662, 3.54597
300.479, 180.074, 0.380205, -0.100327, 3.48073
330.264, 165.838, 0.690683, -0.248642, 3.74922
318, 168.8, 0.570397, -0.217542, 3.69847
305.403, 171.406, 0.443412, -0.18694, 3.6426
291.56, 174.241, 0.311966, -0.157617, 3.59679
322.683, 161.028, 0.630314, -0.292916, 3.83815
310.009, 163.5, 0.510565, -0.271272, 3.80372
297.6, 166.2, 0.3813, -0.239197, 3.74807
284.856, 169.087, 0.256689, -0.208799, 3.70739

