Version "Locarno 3.0"
BuildNumber 3002
Product bumblebee
SerialNumber 7071287
PartID BB3-13S2C-60
SensorResolution 1280 960
Date 05-Apr-2007 13:40:50
Debug off

Resolution 240 320
LowPass on
Rectify on
EdgeCorrelation on
DoStereo on
EdgeMaskSize 7
StereoMaskSize 11

Disparity 0 64
DisparityMappingOn off
DisparityMapping 0 64
TextureValidation on
TextureValidationThreshold 0.2
TextureValidationMapping 255
UniqueValidation off
UniqueValidationThreshold 0.8
UniqueValidationMapping 254
SubPixelInterpolate off
StrictSubpixelValidation off
SurfaceValidation on
SurfaceValidationMapping 253
SurfaceValidationDifference 1
SurfaceValidationSize 200

CameraConfiguration 2CameraHorizontal
FocalLength 0.759371 1.01249 
ImageCenter 0.491612 0.49756
BaseLine 0.240261 

ShearAngle 90 
SkewingMatrix 1 -1.08419e-19 0 0 0 1 0 0 0 0 1 0 0 0 0 1 
UnskewingMatrix 1 1.08419e-19 0 0 0 1 0 0 -0 -0 1 0 0 0 0 1 
BeginCamera
  Id 0
  Channel red
  Position 0 0 0
  Gain 1
  Warp 0 1
  IWarp 6 7
EndCamera

BeginCamera
  Id 1
  Channel green
  Position -1 0 0
  Gain 1
  Warp 2 3
  IWarp 8 9
EndCamera

BeginWarp
  Id 0
  NumberKnots 14
  KnotsX 0 0 0 0 0.142857 0.285714 0.428571 0.571429 0.714286 0.857143 1 1 1 1
  KnotsY 0 0 0 0 0.142857 0.285714 0.428571 0.571429 0.714286 0.857143 1 1 1 1
  NumberCoefs 10 10
  Coefs
  0.0643528 0.0597614 0.0513324 0.0420631 0.0371024 0.0369815
  0.0416969 0.0507132 0.0589687 0.063473 0.0985174 0.0940514
  0.08583 0.0767579 0.0718901 0.0717597 0.0763634 0.0851645
  0.093201 0.0975746 0.172258 0.168218 0.160743 0.152448
  0.147976 0.147824 0.151988 0.159971 0.167237 0.171173
  0.298791 0.296051 0.290969 0.28534 0.282294 0.282096
  0.284747 0.289988 0.294821 0.29744 0.437162 0.436254
  0.43456 0.432648 0.431535 0.431282 0.431897 0.433336
  0.43474 0.43551 0.57955 0.580652 0.582665 0.584747
  0.585666 0.58536 0.583843 0.581207 0.578865 0.57761
  0.716812 0.719698 0.725016 0.730751 0.733592 0.733246
  0.729733 0.723382 0.717705 0.714653 0.841485 0.845585
  0.853135 0.861363 0.865551 0.865186 0.860289 0.85141
  0.84348 0.839203 0.913853 0.918323 0.926512 0.935394
  0.939921 0.939555 0.934317 0.924777 0.916199 0.911548
  0.947371 0.951943 0.960296 0.969328 0.973926 0.973562
  0.968255 0.958563 0.949819 0.945063 
EndWarp

BeginWarp
  Id 1
  NumberKnots 12
  KnotsX 0 0 0 0 0.2 0.4 0.6 0.8 1 1 1 1
  KnotsY 0 0 0 0 0.2 0.4 0.6 0.8 1 1 1 1
  NumberCoefs 8 8
  Coefs
  0.0504318 0.102916 0.214815 0.398306 0.587682 0.77096
  0.882625 0.934983 0.0391457 0.0925271 0.206851 0.395557
  0.59075 0.779218 0.893285 0.94653 0.0176745 0.0726297
  0.191402 0.390199 0.596831 0.795329 0.913789 0.968584
  -0.00138919 0.0549433 0.177938 0.385927 0.602419 0.810023
  0.932619 0.988752 -9.02654e-06 0.0562863 0.179126 0.386788
  0.602953 0.810194 0.932591 0.988662 0.0214205 0.0762968
  0.194746 0.392689 0.598324 0.795871 0.913891 0.968541
  0.0438177 0.0971098 0.211089 0.398834 0.592855 0.780248
  0.893832 0.946909 0.055419 0.10781 0.219359 0.40189
  0.590096 0.772296 0.883468 0.935652 
EndWarp

BeginWarp
  Id 2
  NumberKnots 14
  KnotsX 0 0 0 0 0.142857 0.285714 0.428571 0.571429 0.714286 0.857143 1 1 1 1
  KnotsY 0 0 0 0 0.142857 0.285714 0.428571 0.571429 0.714286 0.857143 1 1 1 1
  NumberCoefs 10 10
  Coefs
  0.0518935 0.0474356 0.0392824 0.0304615 0.0259917 0.0264038
  0.0316776 0.0412452 0.0498409 0.0545045 0.0858782 0.0815461
  0.0736018 0.0649825 0.0606159 0.061037 0.0662249 0.0756061
  0.0840006 0.0885415 0.159257 0.155351 0.148154 0.140317
  0.136364 0.136799 0.1416 0.150224 0.157884 0.162004
  0.285328 0.282732 0.277949 0.272816 0.27033 0.270765
  0.274104 0.280036 0.285291 0.288106 0.423378 0.422641
  0.421308 0.419991 0.41952 0.419942 0.421242 0.423339
  0.425139 0.426093 0.565537 0.566845 0.569296 0.572096
  0.573751 0.574152 0.573282 0.571218 0.569214 0.568119
  0.702549 0.705659 0.711457 0.717969 0.721588 0.721956
  0.719059 0.713231 0.707862 0.704959 0.826901 0.831224
  0.839243 0.848224 0.853164 0.853497 0.849215 0.840875
  0.833269 0.829148 0.899042 0.903725 0.912362 0.921959
  0.927202 0.927518 0.922904 0.913927 0.905693 0.901208
  0.932452 0.937234 0.946024 0.955753 0.961053 0.961363
  0.95668 0.947562 0.939171 0.934586 
EndWarp

BeginWarp
  Id 3
  NumberKnots 12
  KnotsX 0 0 0 0 0.2 0.4 0.6 0.8 1 1 1 1
  KnotsY 0 0 0 0 0.2 0.4 0.6 0.8 1 1 1 1
  NumberCoefs 8 8
  Coefs
  0.0661574 0.118531 0.230216 0.413412 0.602455 0.785265
  0.896523 0.948672 0.0545528 0.107822 0.221935 0.410381
  0.605294 0.793319 0.906967 0.959994 0.0323017 0.0871354
  0.20569 0.404321 0.610834 0.808977 0.926994 0.981552
  0.0116756 0.0678453 0.190559 0.398501 0.615177 0.822644
  0.944788 1.00067 0.0114449 0.0675474 0.190051 0.397614
  0.61395 0.821095 0.943104 0.99896 0.0314047 0.0860808
  0.20417 0.401815 0.607315 0.804633 0.922379 0.976888
  0.0528689 0.105957 0.21956 0.406904 0.600647 0.787761
  0.901125 0.954097 0.0640194 0.116205 0.227372 0.409469
  0.597354 0.779259 0.890231 0.942323 
EndWarp

BeginWarp
  Id 6
  NumberKnots 14
  KnotsX 0 0 0 0 0.142857 0.285714 0.428571 0.571429 0.714286 0.857143 1 1 1 1
  KnotsY 0 0 0 0 0.142857 0.285714 0.428571 0.571429 0.714286 0.857143 1 1 1 1
  NumberCoefs 10 10
  Coefs
  -0.109781 -0.0978334 -0.0785017 -0.0606632 -0.0522808 -0.0525273
  -0.0614419 -0.0799321 -0.0998374 -0.112124 -0.0310255 -0.0209083
  -0.00459877 0.0103787 0.0174086 0.0172394 0.00983797 -0.00561186
  -0.0223526 -0.0327288 0.10477 0.111826 0.123115 0.133385
  0.138202 0.138157 0.133229 0.122779 0.111291 0.104108
  0.271469 0.275207 0.281145 0.28651 0.28906 0.289148
  0.286765 0.281537 0.275662 0.271945 0.420005 0.421184
  0.423066 0.424813 0.425723 0.425915 0.425392 0.424042
  0.422439 0.421407 0.563133 0.562001 0.56025 0.558798
  0.558275 0.558566 0.559686 0.561782 0.564022 0.565423
  0.711789 0.70809 0.702267 0.697178 0.69501 0.695416
  0.698424 0.704444 0.710996 0.715102 0.878787 0.871768
  0.860579 0.85057 0.846134 0.846696 0.852302 0.863621
  0.875848 0.883452 1.01488 1.00482 0.988642 0.973945
  0.967316 0.968031 0.976149 0.992516 1.01002 1.02083
  1.09375 1.08188 1.06271 1.04519 1.03723 1.03804
  1.04769 1.0671 1.08777 1.10048 
EndWarp

BeginWarp
  Id 7
  NumberKnots 13
  KnotsX 0 0 0 0 0.166667 0.333333 0.5 0.666667 0.833333 1 1 1 1
  KnotsY 0 0 0 0 0.166667 0.333333 0.5 0.666667 0.833333 1 1 1 1
  NumberCoefs 9 9
  Coefs
  -0.0934709 -0.0128798 0.13312 0.326105 0.507687 0.689846
  0.884696 1.03309 1.11529 -0.0688276 0.00803317 0.147518
  0.332604 0.507197 0.682316 0.869109 1.01079 1.08915
  -0.0326568 0.0385427 0.168275 0.341841 0.506429 0.671462
  0.846486 0.978123 1.05062 -0.00529349 0.0613871 0.183485
  0.348378 0.505647 0.663292 0.829428 0.953174 1.02099
  0.00272088 0.0679926 0.187735 0.349999 0.505078 0.660506
  0.82393 0.945219 1.01156 -0.00621273 0.0604792 0.182589
  0.34745 0.504649 0.662209 0.828263 0.951958 1.01974
  -0.0346451 0.0365692 0.166326 0.339857 0.504344 0.66924
  0.844111 0.975623 1.04804 -0.0716488 0.00520041 0.14469
  0.329743 0.504233 0.679189 0.865757 1.00721 1.0854
  -0.0966926 -0.0161499 0.129813 0.322741 0.504203 0.686166
  0.880722 1.02878 1.11074 
EndWarp

BeginWarp
  Id 8
  NumberKnots 14
  KnotsX 0 0 0 0 0.142857 0.285714 0.428571 0.571429 0.714286 0.857143 1 1 1 1
  KnotsY 0 0 0 0 0.142857 0.285714 0.428571 0.571429 0.714286 0.857143 1 1 1 1
  NumberCoefs 10 10
  Coefs
  -0.0935071 -0.0817067 -0.0626275 -0.0450313 -0.0367408 -0.0369019
  -0.0455098 -0.0634074 -0.0826668 -0.0945479 -0.0155554 -0.00561353
  0.0103938 0.0250558 0.0319093 0.0317198 0.0244896 0.00945753
  -0.00678786 -0.0168446 0.119107 0.125941 0.136846 0.14668
  0.151183 0.150948 0.145973 0.13566 0.124426 0.117424
  0.2851 0.288541 0.293964 0.298724 0.300792 0.300503
  0.297852 0.292486 0.286631 0.282961 0.433699 0.43448
  0.435671 0.436607 0.436865 0.436527 0.435583 0.433925
  0.432205 0.431141 0.577717 0.576042 0.573352 0.57081
  0.56943 0.569039 0.569621 0.571313 0.573369 0.5747
  0.728469 0.724023 0.71691 0.710343 0.707044 0.706587
  0.708948 0.714503 0.720849 0.724873 0.89949 0.891443
  0.878479 0.866453 0.860505 0.859955 0.864771 0.875561
  0.88757 0.895088 1.04028 1.02894 1.01054 0.993332
  0.984831 0.984188 0.991362 1.00711 1.02437 1.03508
  1.12224 1.10894 1.0873 1.06697 1.05692 1.05621
  1.06481 1.08354 1.10393 1.11652 
EndWarp

BeginWarp
  Id 9
  NumberKnots 13
  KnotsX 0 0 0 0 0.166667 0.333333 0.5 0.666667 0.833333 1 1 1 1
  KnotsY 0 0 0 0 0.166667 0.333333 0.5 0.666667 0.833333 1 1 1 1
  NumberCoefs 9 9
  Coefs
  -0.111728 -0.0302234 0.116947 0.310361 0.491392 0.672136
  0.864624 1.0106 1.0913 -0.0862962 -0.00854022 0.132106
  0.317668 0.491824 0.665722 0.85045 0.990018 1.06704
  -0.0488854 0.0231961 0.154094 0.32822 0.492544 0.656654
  0.830082 0.960075 1.03154 -0.020361 0.0472484 0.170603
  0.336202 0.493402 0.650424 0.815442 0.938039 1.00513
  -0.0118473 0.0544803 0.175695 0.338918 0.494161 0.649243
  0.811942 0.932471 0.998327 -0.0210981 0.0468833 0.170865
  0.337143 0.494893 0.652486 0.818255 0.94157 1.00909
  -0.0509194 0.0219589 0.154241 0.329968 0.495661 0.661192
  0.836393 0.96798 1.04038 -0.0897517 -0.0108664 0.131808
  0.319869 0.496261 0.672481 0.859979 1.00191 1.08027
  -0.115976 -0.0331719 0.116377 0.312815 0.49661 0.680226
  0.876073 1.02483 1.10709 
EndWarp

Version "Locarno 3.0"
BuildNumber 3002
Product bumblebee
SerialNumber 7071287
PartID BB3-13S2C-60
SensorResolution 1280 960
Date 05-Apr-2007 13:43:54
Debug off

Resolution 240 320
LowPass on
Rectify on
EdgeCorrelation on
DoStereo on
EdgeMaskSize 7
StereoMaskSize 11

Disparity 0 64
DisparityMappingOn off
DisparityMapping 0 64
TextureValidation on
TextureValidationThreshold 0.2
TextureValidationMapping 255
UniqueValidation off
UniqueValidationThreshold 0.8
UniqueValidationMapping 254
SubPixelInterpolate off
StrictSubpixelValidation off
SurfaceValidation on
SurfaceValidationMapping 253
SurfaceValidationDifference 1
SurfaceValidationSize 200

CameraConfiguration 2CameraHorizontal
FocalLength 0.762616 1.01682 
ImageCenter 0.502399 0.501093
BaseLine 0.120039 

ShearAngle 90 
SkewingMatrix 1 -1.08418e-19 0 0 0 1 0 0 0 0 1 0 0 0 0 1 
UnskewingMatrix 1 1.08418e-19 0 0 0 1 0 0 -0 -0 1 0 0 0 0 1 
BeginCamera
  Id 0
  Channel red
  Position 0 0 0
  Gain 1
  Warp 0 1
  IWarp 6 7
EndCamera

BeginCamera
  Id 1
  Channel green
  Position -1 0 0
  Gain 1
  Warp 2 3
  IWarp 8 9
EndCamera

BeginWarp
  Id 0
  NumberKnots 14
  KnotsX 0 0 0 0 0.142857 0.285714 0.428571 0.571429 0.714286 0.857143 1 1 1 1
  KnotsY 0 0 0 0 0.142857 0.285714 0.428571 0.571429 0.714286 0.857143 1 1 1 1
  NumberCoefs 10 10
  Coefs
  0.0593339 0.0547415 0.0463069 0.036999 0.0319569 0.0317124
  0.0362758 0.0451349 0.0532995 0.0577653 0.093023 0.0885464
  0.0803018 0.071172 0.0662142 0.0659641 0.0704326 0.0791041
  0.0870738 0.0914218 0.165738 0.161662 0.154116 0.145711
  0.141126 0.140867 0.144944 0.152875 0.160137 0.164081
  0.290698 0.287873 0.282628 0.276796 0.273606 0.273343
  0.276014 0.281359 0.286312 0.289002 0.427787 0.426755
  0.424831 0.422665 0.421416 0.421154 0.421889 0.423571
  0.425203 0.426099 0.569497 0.570462 0.572225 0.574053
  0.574867 0.574612 0.573299 0.571003 0.568956 0.567856
  0.706812 0.709581 0.71469 0.720224 0.72301 0.72277
  0.719513 0.713534 0.70815 0.70525 0.832139 0.83617
  0.843603 0.851749 0.855966 0.855743 0.851089 0.842522
  0.834822 0.830663 0.905146 0.90958 0.917717 0.926598
  0.931203 0.930991 0.925967 0.916677 0.908279 0.903719
  0.938988 0.943539 0.951867 0.960931 0.965627 0.965419
  0.960312 0.950846 0.942259 0.937583 
EndWarp

BeginWarp
  Id 1
  NumberKnots 12
  KnotsX 0 0 0 0 0.2 0.4 0.6 0.8 1 1 1 1
  KnotsY 0 0 0 0 0.2 0.4 0.6 0.8 1 1 1 1
  NumberCoefs 8 8
  Coefs
  0.0520373 0.104124 0.215095 0.39693 0.584687 0.766706
  0.877881 0.930077 0.0407316 0.0937163 0.207102 0.394116
  0.58766 0.774872 0.888479 0.94158 0.0191003 0.0736669
  0.191499 0.388587 0.59359 0.790902 0.908985 0.963682
  -0.000794188 0.0551959 0.177365 0.38395 0.599208 0.805999
  0.928425 0.984546 -0.000670369 0.0553667 0.177647 0.38447
  0.599991 0.806987 0.929481 0.985626 0.0195654 0.0742734
  0.192427 0.390126 0.595775 0.793605 0.911898 0.966674
  0.0414961 0.0946756 0.208492 0.396254 0.590559 0.778409
  0.892315 0.945537 0.0529471 0.105251 0.216694 0.399334
  0.587899 0.770609 0.882121 0.934457 
EndWarp

BeginWarp
  Id 2
  NumberKnots 14
  KnotsX 0 0 0 0 0.142857 0.285714 0.428571 0.571429 0.714286 0.857143 1 1 1 1
  KnotsY 0 0 0 0 0.142857 0.285714 0.428571 0.571429 0.714286 0.857143 1 1 1 1
  NumberCoefs 10 10
  Coefs
  0.0616193 0.0570379 0.0486269 0.0393715 0.0344125 0.0342903
  0.0390121 0.0480492 0.0563319 0.0608539 0.0952225 0.0907554
  0.0825316 0.0734508 0.0685763 0.0684546 0.0730932 0.0819579
  0.0900558 0.0944647 0.167767 0.163697 0.156166 0.147801
  0.143298 0.143179 0.147451 0.155607 0.163018 0.167033
  0.292533 0.289719 0.284496 0.278717 0.275623 0.275515
  0.2784 0.283991 0.289106 0.29187 0.429528 0.428524
  0.426662 0.42461 0.423503 0.423415 0.424351 0.426245
  0.428015 0.428975 0.571201 0.572219 0.5741 0.576124
  0.577141 0.577078 0.575936 0.573792 0.571836 0.570782
  0.708446 0.711286 0.716548 0.722331 0.725356 0.725317
  0.722212 0.716345 0.711027 0.708158 0.833625 0.837729
  0.845319 0.853716 0.858171 0.85815 0.85365 0.845202
  0.837572 0.833447 0.906497 0.911001 0.919287 0.928403
  0.933234 0.933222 0.928362 0.91921 0.910895 0.906375
  0.940272 0.94489 0.953363 0.962654 0.967571 0.967562
  0.962624 0.953304 0.944805 0.940173 
EndWarp

BeginWarp
  Id 3
  NumberKnots 12
  KnotsX 0 0 0 0 0.2 0.4 0.6 0.8 1 1 1 1
  KnotsY 0 0 0 0 0.2 0.4 0.6 0.8 1 1 1 1
  NumberCoefs 8 8
  Coefs
  0.0678078 0.119839 0.230714 0.412471 0.600165 0.782057
  0.893086 0.945201 0.05642 0.109347 0.222641 0.409602
  0.603123 0.790229 0.903683 0.956698 0.0345656 0.0890692
  0.206807 0.403914 0.609011 0.806282 0.924196 0.978793
  0.014206 0.0701129 0.192164 0.398867 0.614418 0.821302
  0.94354 0.999541 0.0139299 0.0698734 0.192016 0.398933
  0.614731 0.821819 0.944136 1.00017 0.0338754 0.088491
  0.206495 0.404149 0.609857 0.807648 0.925796 0.980487
  0.055603 0.108688 0.222341 0.409973 0.604212 0.791957
  0.905734 0.958885 0.0669457 0.119153 0.230427 0.412903
  0.60136 0.783939 0.895328 0.947598 
EndWarp

BeginWarp
  Id 6
  NumberKnots 14
  KnotsX 0 0 0 0 0.142857 0.285714 0.428571 0.571429 0.714286 0.857143 1 1 1 1
  KnotsY 0 0 0 0 0.142857 0.285714 0.428571 0.571429 0.714286 0.857143 1 1 1 1
  NumberCoefs 10 10
  Coefs
  -0.103585 -0.0915139 -0.0719806 -0.0539373 -0.0454225 -0.0455942
  -0.0544837 -0.0729959 -0.0929475 -0.105266 -0.0242593 -0.0140428
  0.00242865 0.0175706 0.0247071 0.0245989 0.017219 0.00175294
  -0.0150243 -0.0254254 0.112446 0.119564 0.130956 0.141329
  0.146214 0.146209 0.141296 0.130837 0.119327 0.112129
  0.280136 0.283903 0.289886 0.295297 0.297875 0.297979
  0.295601 0.290368 0.28448 0.280755 0.429467 0.43065
  0.432537 0.434287 0.435197 0.435386 0.434856 0.433496
  0.431884 0.430846 0.573285 0.572137 0.570359 0.568874
  0.568325 0.568593 0.569693 0.571772 0.574001 0.575396
  0.722587 0.718852 0.712968 0.707811 0.705589 0.705952
  0.708925 0.714916 0.721452 0.72555 0.890231 0.883153
  0.871867 0.861746 0.857224 0.857718 0.863269 0.874541
  0.886739 0.894328 1.02678 1.01665 1.00034 0.985491
  0.978748 0.979371 0.987413 1.00371 1.02117 1.03195
  1.10588 1.09393 1.07462 1.05692 1.04883 1.04954
  1.05909 1.07842 1.09903 1.1117 
EndWarp

BeginWarp
  Id 7
  NumberKnots 13
  KnotsX 0 0 0 0 0.166667 0.333333 0.5 0.666667 0.833333 1 1 1 1
  KnotsY 0 0 0 0 0.166667 0.333333 0.5 0.666667 0.833333 1 1 1 1
  NumberCoefs 9 9
  Coefs
  -0.0947362 -0.0135908 0.133356 0.327482 0.51005 0.693125
  0.888887 1.03792 1.12047 -0.0698139 0.007555 0.147912
  0.334057 0.509571 0.685546 0.873186 1.01547 1.09413
  -0.0332336 0.0384065 0.168902 0.343408 0.508821 0.674623
  0.850401 0.98256 1.05533 -0.00550358 0.0615594 0.184326
  0.350056 0.508065 0.666398 0.833202 0.957401 1.02545
  0.00273655 0.0683585 0.188716 0.351755 0.50752 0.663584
  0.82762 0.949317 1.01587 -0.00606202 0.0609657 0.183665
  0.349265 0.507117 0.665278 0.831905 0.955976 1.02395
  -0.0344282 0.0371209 0.167463 0.341721 0.506842 0.672316
  0.847732 0.979593 1.05218 -0.0714227 0.00576762 0.145852
  0.331635 0.506757 0.682281 0.869374 1.01115 1.08949
  -0.0964641 -0.0155761 0.130987 0.32465 0.506742 0.689267
  0.884334 1.0327 1.1148 
EndWarp

BeginWarp
  Id 8
  NumberKnots 14
  KnotsX 0 0 0 0 0.142857 0.285714 0.428571 0.571429 0.714286 0.857143 1 1 1 1
  KnotsY 0 0 0 0 0.142857 0.285714 0.428571 0.571429 0.714286 0.857143 1 1 1 1
  NumberCoefs 10 10
  Coefs
  -0.11186 -0.0991388 -0.0784824 -0.0591646 -0.0496824 -0.0491015
  -0.0573677 -0.0753039 -0.0948478 -0.106941 -0.0312637 -0.0204915
  -0.00306508 0.013145 0.0210766 0.0215718 0.0146786 -0.000346489
  -0.0168134 -0.027043 0.107409 0.114922 0.126981 0.138075
  0.14347 0.143827 0.139182 0.128952 0.117598 0.110487
  0.276896 0.280867 0.287186 0.292929 0.295712 0.295927
  0.293596 0.288372 0.282479 0.278751 0.427332 0.428563
  0.430516 0.432293 0.433172 0.433282 0.432633 0.431112
  0.429362 0.428245 0.571935 0.570695 0.568743 0.567014
  0.566225 0.566244 0.567067 0.568817 0.570771 0.572007
  0.722003 0.718034 0.711731 0.706047 0.70336 0.703277
  0.705783 0.711233 0.717322 0.721163 0.890635 0.883161
  0.87117 0.860178 0.8549 0.854683 0.859496 0.86993
  0.881444 0.888642 1.02814 1.01747 1.00021 0.984184
  0.976411 0.976065 0.983106 0.998274 1.01483 1.02509
  1.10783 1.09526 1.07485 1.05579 1.04651 1.04608
  1.05447 1.07249 1.09205 1.10414 
EndWarp

BeginWarp
  Id 9
  NumberKnots 13
  KnotsX 0 0 0 0 0.166667 0.333333 0.5 0.666667 0.833333 1 1 1 1
  KnotsY 0 0 0 0 0.166667 0.333333 0.5 0.666667 0.833333 1 1 1 1
  NumberCoefs 9 9
  Coefs
  -0.119471 -0.0364868 0.113238 0.30965 0.493175 0.676162
  0.870837 1.01834 1.09983 -0.0930241 -0.0139632 0.128921
  0.317084 0.493382 0.669186 0.855743 0.996554 1.07422
  -0.0540539 0.0190381 0.151651 0.327742 0.493661 0.659154
  0.833849 0.964634 1.03648 -0.0241859 0.0441075 0.168617
  0.335539 0.493805 0.651705 0.817414 0.940306 1.00748
  -0.0148988 0.051853 0.173786 0.337847 0.493759 0.649323
  0.812229 0.932609 0.998285 -0.0235537 0.044612 0.168904
  0.335546 0.493544 0.651173 0.81659 0.939252 1.00629
  -0.0526389 0.0201575 0.152279 0.327762 0.493115 0.658034
  0.832097 0.962361 1.03389 -0.0907578 -0.0121791 0.129918
  0.317151 0.492607 0.667555 0.853144 0.993128 1.07029
  -0.116563 -0.0341976 0.114525 0.309776 0.492264 0.674201
  0.86767 1.01412 1.09497 
EndWarp

 