Version "Locarno 3.0"
BuildNumber 3002
Product bumblebee
SerialNumber 7140019
PartID BBXB3-13S2C
SensorResolution 1280 960
Date 11-Mar-2008 13:08:20
Debug off

Resolution 240 320
LowPass on
Rectify on
EdgeCorrelation on
DoStereo on
EdgeMaskSize 7
StereoMaskSize 11

Disparity 0 64
DisparityMappingOn off
DisparityMapping 0 64
TextureValidation on
TextureValidationThreshold 0.2
TextureValidationMapping 255
UniqueValidation off
UniqueValidationThreshold 0.8
UniqueValidationMapping 254
SubPixelInterpolate off
StrictSubpixelValidation off
SurfaceValidation on
SurfaceValidationMapping 253
SurfaceValidationDifference 1
SurfaceValidationSize 200

CameraConfiguration 2CameraHorizontal
FocalLength 0.763545 1.01806 
ImageCenter 0.500018 0.486244
BaseLine 0.240161 

ShearAngle 90 
SkewingMatrix 1 -3.25261e-19 0 0 0 1 0 0 0 0 1 0 0 0 0 1 
UnskewingMatrix 1 3.25261e-19 0 0 0 1 0 0 -0 -0 1 0 0 0 0 1 
BeginCamera
  Id 0
  Channel red
  Position 0 0 0
  Gain 1
  Warp 0 1
  IWarp 6 7
EndCamera

BeginCamera
  Id 1
  Channel green
  Position -1 0 0
  Gain 1
  Warp 2 3
  IWarp 8 9
EndCamera

BeginWarp
  Id 0
  NumberKnots 14
  KnotsX 0 0 0 0 0.142857 0.285714 0.428571 0.571429 0.714286 0.857143 1 1 1 1
  KnotsY 0 0 0 0 0.142857 0.285714 0.428571 0.571429 0.714286 0.857143 1 1 1 1
  NumberCoefs 10 10
  Coefs
  0.059043 0.0546154 0.046561 0.0379917 0.0338481 0.03462
  0.0402431 0.0501164 0.0588792 0.0636185 0.0928231 0.0885036
  0.0806242 0.0722146 0.0681452 0.0689117 0.0744485 0.0841448
  0.0927164 0.0973387 0.165761 0.161824 0.154606 0.146865
  0.143126 0.143862 0.149009 0.157973 0.16584 0.170057
  0.291289 0.288583 0.283616 0.278345 0.275876 0.276478
  0.280105 0.286398 0.29191 0.294853 0.429183 0.428264
  0.426595 0.424909 0.424237 0.424635 0.426083 0.428479
  0.43055 0.43165 0.571738 0.572813 0.574812 0.577036
  0.578274 0.578446 0.577549 0.575664 0.573897 0.572939
  0.709671 0.712531 0.717822 0.72362 0.726642 0.726597
  0.723506 0.717713 0.712499 0.709697 0.835269 0.839356
  0.846888 0.855134 0.859401 0.859195 0.854562 0.846078
  0.838503 0.834424 0.908267 0.912732 0.920916 0.929813
  0.934389 0.934132 0.929089 0.919859 0.911572 0.907084
  0.942078 0.94665 0.955004 0.964052 0.968691 0.968417
  0.963279 0.953863 0.945381 0.940776 
EndWarp

BeginWarp
  Id 1
  NumberKnots 12
  KnotsX 0 0 0 0 0.2 0.4 0.6 0.8 1 1 1 1
  KnotsY 0 0 0 0 0.2 0.4 0.6 0.8 1 1 1 1
  NumberCoefs 8 8
  Coefs
  0.0537181 0.106423 0.218592 0.401762 0.590026 0.771581
  0.881958 0.933707 0.0423026 0.09593 0.210576 0.39901
  0.593086 0.77975 0.892447 0.945046 0.0203218 0.0755748
  0.194781 0.393493 0.599122 0.795715 0.912643 0.966721
  -0.000388175 0.0562896 0.179863 0.38819 0.604218 0.81018
  0.931146 0.98651 -0.00106432 0.055601 0.179152 0.387466
  0.603502 0.80949 0.930482 0.985861 0.0183827 0.0736044
  0.192755 0.391431 0.597077 0.793739 0.910738 0.964854
  0.0396574 0.0932491 0.207833 0.396226 0.590323 0.777069
  0.88985 0.942496 0.0507553 0.103423 0.21553 0.39866
  0.586947 0.768587 0.879052 0.930849 
EndWarp

BeginWarp
  Id 2
  NumberKnots 14
  KnotsX 0 0 0 0 0.142857 0.285714 0.428571 0.571429 0.714286 0.857143 1 1 1 1
  KnotsY 0 0 0 0 0.142857 0.285714 0.428571 0.571429 0.714286 0.857143 1 1 1 1
  NumberCoefs 10 10
  Coefs
  0.0656502 0.0610498 0.052641 0.0435136 0.0387887 0.0389665
  0.0440024 0.053318 0.0617398 0.0663178 0.0994168 0.0949266
  0.0866967 0.0777325 0.0730809 0.0732481 0.0781903 0.0873226
  0.0955516 0.100012 0.172327 0.168225 0.160666 0.152382
  0.148061 0.148187 0.152721 0.161107 0.168627 0.172683
  0.297769 0.294903 0.289607 0.283805 0.280756 0.280738
  0.283742 0.289451 0.294622 0.297406 0.435481 0.434399
  0.432388 0.430152 0.428895 0.428693 0.429554 0.43141
  0.433168 0.434123 0.577777 0.578677 0.580308 0.581946
  0.582597 0.582212 0.580805 0.578466 0.576434 0.575353
  0.71546 0.718147 0.72307 0.728284 0.73074 0.730185
  0.726651 0.72047 0.71503 0.71212 0.84085 0.84478
  0.851981 0.859704 0.86346 0.862788 0.857745 0.848901
  0.841113 0.836934 0.91371 0.918034 0.92592 0.934348
  0.938459 0.937767 0.932333 0.922752 0.914258 0.909673
  0.947447 0.951884 0.959957 0.96856 0.972757 0.972065
  0.966545 0.956787 0.948101 0.943399 
EndWarp

BeginWarp
  Id 3
  NumberKnots 12
  KnotsX 0 0 0 0 0.2 0.4 0.6 0.8 1 1 1 1
  KnotsY 0 0 0 0 0.2 0.4 0.6 0.8 1 1 1 1
  NumberCoefs 8 8
  Coefs
  0.064567 0.117204 0.229257 0.412275 0.600421 0.781934
  0.892339 0.944114 0.0536334 0.107203 0.221746 0.410018
  0.603947 0.790542 0.903253 0.955871 0.0327004 0.0879198
  0.207062 0.405585 0.610982 0.807434 0.924344 0.978423
  0.013688 0.0703835 0.193974 0.402012 0.617606 0.823303
  0.94421 0.999551 0.0144154 0.0711214 0.19473 0.402769
  0.618336 0.823995 0.944871 1.00019 0.0347821 0.0900252
  0.209208 0.407737 0.613078 0.809428 0.926248 0.980279
  0.056475 0.110068 0.224649 0.41292 0.606783 0.793251
  0.905848 0.958404 0.0677529 0.120412 0.232498 0.41551
  0.603582 0.784958 0.895241 0.946949 
EndWarp

BeginWarp
  Id 6
  NumberKnots 14
  KnotsX 0 0 0 0 0.142857 0.285714 0.428571 0.571429 0.714286 0.857143 1 1 1 1
  KnotsY 0 0 0 0 0.142857 0.285714 0.428571 0.571429 0.714286 0.857143 1 1 1 1
  NumberCoefs 10 10
  Coefs
  -0.102517 -0.0909844 -0.0723989 -0.0555948 -0.048296 -0.049785
  -0.060193 -0.0805078 -0.101898 -0.115006 -0.0236271 -0.0138558
  0.00182712 0.0159171 0.0219943 0.0207099 0.0119471 -0.00518604
  -0.0233113 -0.0344571 0.112496 0.119303 0.130135 0.139727
  0.143788 0.142835 0.136777 0.124911 0.112242 0.104396
  0.279478 0.283045 0.288653 0.293506 0.295472 0.294862
  0.291617 0.285313 0.278537 0.274311 0.428045 0.429096
  0.430718 0.432042 0.432476 0.432116 0.43094 0.428797
  0.426538 0.425134 0.57103 0.569809 0.56786 0.56606
  0.565147 0.565007 0.565645 0.567187 0.568978 0.570123
  0.719429 0.715695 0.709763 0.704436 0.701985 0.702085
  0.704771 0.710443 0.716722 0.720672 0.886013 0.879042
  0.867894 0.857827 0.85327 0.853685 0.859141 0.870309
  0.882421 0.889955 1.02163 1.0117 0.995701 0.981133
  0.974544 0.97526 0.98337 0.999733 1.01723 1.02803
  1.10017 1.08848 1.06958 1.05229 1.04447 1.04537
  1.0551 1.0746 1.09532 1.10805 
EndWarp

BeginWarp
  Id 7
  NumberKnots 13
  KnotsX 0 0 0 0 0.166667 0.333333 0.5 0.666667 0.833333 1 1 1 1
  KnotsY 0 0 0 0 0.166667 0.333333 0.5 0.666667 0.833333 1 1 1 1
  NumberCoefs 9 9
  Coefs
  -0.0957916 -0.0157445 0.129603 0.32242 0.504458 0.687756
  0.884641 1.03518 1.11871 -0.071106 0.00526908 0.14417
  0.329088 0.504068 0.680211 0.868906 1.01266 1.0923
  -0.0345921 0.036191 0.165408 0.338759 0.503576 0.669402
  0.846055 0.979584 1.0533 -0.00637664 0.0599176 0.181514
  0.346109 0.503443 0.66165 0.829136 0.954576 1.02351
  0.00267307 0.067541 0.186746 0.348662 0.50375 0.659671
  0.824357 0.947268 1.0147 -0.00496543 0.0612593 0.182743
  0.347219 0.504466 0.662601 0.830018 0.955406 1.02431
  -0.0315684 0.0390597 0.168021 0.341099 0.505714 0.671373
  0.847869 0.981286 1.05494 -0.066696 0.00944514 0.147956
  0.332449 0.507108 0.68299 0.871445 1.01504 1.09459
  -0.0905459 -0.0107812 0.134092 0.326388 0.508031 0.691007
  0.8876 1.03794 1.12136 
EndWarp

BeginWarp
  Id 8
  NumberKnots 14
  KnotsX 0 0 0 0 0.142857 0.285714 0.428571 0.571429 0.714286 0.857143 1 1 1 1
  KnotsY 0 0 0 0 0.142857 0.285714 0.428571 0.571429 0.714286 0.857143 1 1 1 1
  NumberCoefs 10 10
  Coefs
  -0.116856 -0.104295 -0.0839259 -0.0650036 -0.0559434 -0.0558754
  -0.0648087 -0.0836237 -0.103924 -0.116441 -0.0364138 -0.0257405
  -0.00849453 0.00745408 0.0150835 0.0151801 0.00773375 -0.00805571
  -0.0252052 -0.0358246 0.102063 0.109568 0.121609 0.132646
  0.137928 0.138077 0.133082 0.122308 0.11043 0.103008
  0.271243 0.275304 0.281771 0.287663 0.29052 0.290723
  0.288267 0.282767 0.276561 0.272636 0.421255 0.422663
  0.424913 0.427007 0.428103 0.428342 0.427728 0.426131
  0.424236 0.423016 0.565229 0.564266 0.562777 0.561552
  0.561123 0.561395 0.562381 0.564206 0.566146 0.567355
  0.71427 0.710703 0.705084 0.700149 0.698008 0.698326
  0.701125 0.706791 0.712978 0.716857 0.881175 0.874262
  0.863241 0.853337 0.848871 0.849265 0.854552 0.865374
  0.877114 0.884422 1.01685 1.00686 0.9908 0.97616
  0.969446 0.969921 0.97762 0.993353 1.01026 1.0207
  1.09543 1.08361 1.06451 1.047 1.03892 1.03944
  1.0486 1.06731 1.08731 1.09962 
EndWarp

BeginWarp
  Id 9
  NumberKnots 13
  KnotsX 0 0 0 0 0.166667 0.333333 0.5 0.666667 0.833333 1 1 1 1
  KnotsY 0 0 0 0 0.166667 0.333333 0.5 0.666667 0.833333 1 1 1 1
  NumberCoefs 9 9
  Coefs
  -0.113834 -0.0322042 0.115538 0.31046 0.493573 0.677084
  0.873279 1.02259 1.10523 -0.0886609 -0.0108435 0.130229
  0.317041 0.49297 0.669258 0.857235 0.999772 1.07854
  -0.0515554 0.0204519 0.151499 0.326435 0.492032 0.657922
  0.83383 0.966145 1.039 -0.0232751 0.044052 0.167185
  0.333117 0.491109 0.649329 0.81604 0.94024 1.0083
  -0.0147246 0.051085 0.171683 0.334806 0.49047 0.646335
  0.810153 0.931727 0.998216 -0.023313 0.043846 0.166695
  0.332307 0.490026 0.647953 0.814282 0.938121 1.00596
  -0.0514174 0.020226 0.150642 0.324831 0.489764 0.654944
  0.82996 0.961471 1.03385 -0.0881884 -0.0108983 0.129236
  0.31488 0.489735 0.664879 0.851466 0.9928 1.07088
  -0.113157 -0.0321444 0.114483 0.307983 0.489767 0.671862
  0.866365 1.01424 1.09606 
EndWarp

Version "Locarno 3.0"
BuildNumber 3002
Product bumblebee
SerialNumber 7140019
PartID BBXB3-13S2C
SensorResolution 1280 960
Date 11-Mar-2008 13:12:34
Debug off

Resolution 240 320
LowPass on
Rectify on
EdgeCorrelation on
DoStereo on
EdgeMaskSize 7
StereoMaskSize 11

Disparity 0 64
DisparityMappingOn off
DisparityMapping 0 64
TextureValidation on
TextureValidationThreshold 0.2
TextureValidationMapping 255
UniqueValidation off
UniqueValidationThreshold 0.8
UniqueValidationMapping 254
SubPixelInterpolate off
StrictSubpixelValidation off
SurfaceValidation on
SurfaceValidationMapping 253
SurfaceValidationDifference 1
SurfaceValidationSize 200

CameraConfiguration 2CameraHorizontal
FocalLength 0.781361 1.04182 
ImageCenter 0.501565 0.500081
BaseLine 0.120075 

ShearAngle 90 
SkewingMatrix 1 3.2526e-19 0 0 0 1 0 0 0 0 1 0 0 0 0 1 
UnskewingMatrix 1 -3.2526e-19 0 0 0 1 0 0 -0 -0 1 0 0 0 0 1 
BeginCamera
  Id 0
  Channel red
  Position 0 0 0
  Gain 1
  Warp 0 1
  IWarp 6 7
EndCamera

BeginCamera
  Id 1
  Channel green
  Position -1 0 0
  Gain 1
  Warp 2 3
  IWarp 8 9
EndCamera

BeginWarp
  Id 0
  NumberKnots 14
  KnotsX 0 0 0 0 0.142857 0.285714 0.428571 0.571429 0.714286 0.857143 1 1 1 1
  KnotsY 0 0 0 0 0.142857 0.285714 0.428571 0.571429 0.714286 0.857143 1 1 1 1
  NumberCoefs 10 10
  Coefs
  0.0676242 0.0633062 0.0554187 0.0468695 0.04247 0.0427123
  0.0475891 0.0565954 0.0647683 0.0692231 0.100979 0.096778
  0.0890836 0.0807193 0.0764124 0.0766588 0.0814507 0.0902781
  0.0982604 0.1026 0.172848 0.169041 0.162035 0.154388
  0.150457 0.150712 0.155143 0.163264 0.170562 0.174509
  0.295924 0.293321 0.288527 0.283345 0.280752 0.281016
  0.284128 0.289797 0.294887 0.297631 0.430624 0.429738
  0.428121 0.426449 0.425716 0.425984 0.427241 0.429406
  0.431321 0.432348 0.569742 0.570765 0.572672 0.574826
  0.576075 0.576339 0.575607 0.573941 0.57233 0.571447
  0.704649 0.707394 0.712486 0.718156 0.721262 0.721517
  0.71891 0.713714 0.70891 0.706301 0.828076 0.832031
  0.839344 0.847483 0.851917 0.852158 0.848198 0.840509
  0.833471 0.829647 0.90022 0.904571 0.912575 0.921425
  0.926222 0.926452 0.922107 0.913688 0.90595 0.901726
  0.933715 0.938182 0.946378 0.955408 0.96029 0.960514
  0.956074 0.947464 0.939529 0.935186 
EndWarp

BeginWarp
  Id 1
  NumberKnots 12
  KnotsX 0 0 0 0 0.2 0.4 0.6 0.8 1 1 1 1
  KnotsY 0 0 0 0 0.2 0.4 0.6 0.8 1 1 1 1
  NumberCoefs 8 8
  Coefs
  0.0519915 0.103535 0.213169 0.392332 0.577069 0.756187
  0.865765 0.917274 0.0408965 0.0933083 0.205267 0.389389
  0.579663 0.763745 0.875654 0.928036 0.0196598 0.0735982
  0.189822 0.383548 0.58473 0.778432 0.894625 0.948544
  -0.000255339 0.0550226 0.175302 0.37799 0.588957 0.791649
  0.911941 0.967225 -0.00109171 0.0541902 0.174492 0.377263
  0.588344 0.791154 0.911512 0.966823 0.0173058 0.0712594
  0.187547 0.381486 0.582961 0.77697 0.89334 0.947337
  0.0377532 0.0901918 0.202241 0.386622 0.577242 0.761695
  0.873827 0.92631 0.0485042 0.10008 0.209817 0.389256
  0.574357 0.753866 0.863683 0.915303 
EndWarp

BeginWarp
  Id 2
  NumberKnots 14
  KnotsX 0 0 0 0 0.142857 0.285714 0.428571 0.571429 0.714286 0.857143 1 1 1 1
  KnotsY 0 0 0 0 0.142857 0.285714 0.428571 0.571429 0.714286 0.857143 1 1 1 1
  NumberCoefs 10 10
  Coefs
  0.0754855 0.0710542 0.0629282 0.0539828 0.04915 0.0489301
  0.0533301 0.0618619 0.0697307 0.0740389 0.108917 0.104602
  0.096668 0.0879033 0.0831566 0.0829333 0.0872409 0.0955873
  0.103262 0.107454 0.180918 0.176996 0.169746 0.161687
  0.157303 0.157073 0.161006 0.168638 0.175625 0.179423
  0.304097 0.301372 0.296319 0.290699 0.287626 0.28739
  0.289999 0.295184 0.299973 0.302573 0.438803 0.437784
  0.435885 0.433748 0.43252 0.432283 0.433048 0.434749
  0.436383 0.437278 0.577865 0.578744 0.580349 0.582021
  0.582773 0.582542 0.581338 0.579239 0.577375 0.576373
  0.712716 0.715309 0.720088 0.725266 0.727881 0.727661
  0.724614 0.719026 0.713997 0.711285 0.836134 0.839939
  0.846941 0.854598 0.858558 0.858351 0.853986 0.845943
  0.838702 0.834784 0.908314 0.912519 0.920224 0.928614
  0.932958 0.932762 0.928032 0.919274 0.911341 0.907026
  0.941833 0.946158 0.954063 0.962644 0.967086 0.966895
  0.962078 0.953137 0.945009 0.940577 
EndWarp

BeginWarp
  Id 3
  NumberKnots 12
  KnotsX 0 0 0 0 0.2 0.4 0.6 0.8 1 1 1 1
  KnotsY 0 0 0 0 0.2 0.4 0.6 0.8 1 1 1 1
  NumberCoefs 8 8
  Coefs
  0.0818664 0.133436 0.243106 0.42229 0.607064 0.786302
  0.896041 0.94765 0.0711429 0.123582 0.235572 0.41969
  0.609968 0.794138 0.906192 0.958668 0.050719 0.10469
  0.220942 0.414612 0.61572 0.809434 0.925736 0.979735
  0.032105 0.0874316 0.207747 0.410335 0.621163 0.823771
  0.944102 0.999437 0.0324522 0.0878039 0.20818 0.410873
  0.621803 0.824487 0.94484 1.00018 0.0517667 0.105806
  0.222216 0.416164 0.617538 0.811447 0.927808 0.98182
  0.0726521 0.125178 0.237365 0.421815 0.612407 0.796812
  0.908947 0.961445 0.0835966 0.135261 0.245141 0.424672
  0.609774 0.789261 0.899089 0.950725 
EndWarp

BeginWarp
  Id 6
  NumberKnots 14
  KnotsX 0 0 0 0 0.142857 0.285714 0.428571 0.571429 0.714286 0.857143 1 1 1 1
  KnotsY 0 0 0 0 0.142857 0.285714 0.428571 0.571429 0.714286 0.857143 1 1 1 1
  NumberCoefs 10 10
  Coefs
  -0.117758 -0.105826 -0.0865869 -0.0691385 -0.0614646 -0.0628099
  -0.0732924 -0.0939068 -0.115663 -0.129001 -0.0367106 -0.0266058
  -0.0103783 0.00424769 0.0106379 0.00947536 0.000653821 -0.0167261
  -0.0351563 -0.0464952 0.103041 0.110076 0.121279 0.131236
  0.135513 0.134648 0.128558 0.116531 0.103658 0.095681
  0.274313 0.277999 0.283801 0.288846 0.290928 0.290369
  0.287115 0.280738 0.273861 0.26957 0.426584 0.427673
  0.429358 0.430745 0.431219 0.430881 0.429708 0.427549
  0.425264 0.423842 0.573043 0.571789 0.569788 0.56794
  0.567 0.566852 0.5675 0.569071 0.570898 0.572067
  0.724962 0.72112 0.715015 0.709519 0.70697 0.707031
  0.709735 0.715485 0.721865 0.725879 0.895408 0.888237
  0.876763 0.866376 0.86163 0.86197 0.867456 0.878766
  0.891056 0.898704 1.03409 1.02388 1.00742 0.992391
  0.985531 0.986137 0.994288 1.01084 1.02859 1.03954
  1.11438 1.10236 1.08292 1.06509 1.05694 1.05771
  1.06748 1.0872 1.1082 1.1211 
EndWarp

BeginWarp
  Id 7
  NumberKnots 13
  KnotsX 0 0 0 0 0.166667 0.333333 0.5 0.666667 0.833333 1 1 1 1
  KnotsY 0 0 0 0 0.166667 0.333333 0.5 0.666667 0.833333 1 1 1 1
  NumberCoefs 9 9
  Coefs
  -0.0988906 -0.0166762 0.132518 0.330259 0.516805 0.704516
  0.906016 1.05999 1.14538 -0.0734434 0.00497377 0.14751
  0.337108 0.516388 0.696743 0.889831 1.03684 1.11826
  -0.0358142 0.0368242 0.169365 0.347039 0.515855 0.685601
  0.866321 1.00284 1.07818 -0.00670299 0.0612928 0.185958
  0.354591 0.515685 0.677577 0.848864 0.977069 1.0475
  0.00272093 0.0692263 0.191393 0.357225 0.51597 0.675473
  0.843839 0.969416 1.03828 -0.00496533 0.0629072 0.187367
  0.355769 0.516672 0.678387 0.849486 0.977542 1.04788
  -0.0320622 0.0402997 0.172379 0.34953 0.517917 0.687265
  0.867568 1.00376 1.0789 -0.067902 0.0100899 0.151915
  0.340704 0.519317 0.69906 0.891507 1.03801 1.11913
  -0.0922369 -0.0105441 0.137776 0.334522 0.520247 0.707203
  0.907912 1.06126 1.14629 
EndWarp

BeginWarp
  Id 8
  NumberKnots 14
  KnotsX 0 0 0 0 0.142857 0.285714 0.428571 0.571429 0.714286 0.857143 1 1 1 1
  KnotsY 0 0 0 0 0.142857 0.285714 0.428571 0.571429 0.714286 0.857143 1 1 1 1
  NumberCoefs 10 10
  Coefs
  -0.139178 -0.125739 -0.103802 -0.0830107 -0.0724629 -0.0711759
  -0.0790378 -0.0968044 -0.116339 -0.128439 -0.055965 -0.0445207
  -0.025906 -0.0083465 0.000543782 0.00165498 -0.00491195 -0.0198421
  -0.0363561 -0.0466244 0.0873743 0.0954572 0.108512 0.120711
  0.126869 0.127693 0.123263 0.113036 0.101572 0.0943852
  0.262334 0.266727 0.273771 0.2803 0.283613 0.284141
  0.281936 0.27667 0.270645 0.266827 0.417118 0.418645
  0.421096 0.423397 0.424625 0.424939 0.424363 0.422784
  0.420898 0.419685 0.565356 0.564314 0.562682 0.561277
  0.560696 0.560828 0.56167 0.563324 0.565113 0.566232
  0.718601 0.714763 0.70866 0.703151 0.700554 0.700487
  0.70292 0.708174 0.714008 0.717678 0.889985 0.882603
  0.870738 0.859814 0.854513 0.854184 0.858769 0.868805
  0.879891 0.886818 1.02889 1.0183 1.00114 0.985122
  0.977239 0.97666 0.983309 0.997867 1.01381 1.0237
  1.10911 1.09662 1.07629 1.0572 1.04776 1.04702
  1.05493 1.07221 1.09106 1.10272 
EndWarp

BeginWarp
  Id 9
  NumberKnots 13
  KnotsX 0 0 0 0 0.166667 0.333333 0.5 0.666667 0.833333 1 1 1 1
  KnotsY 0 0 0 0 0.166667 0.333333 0.5 0.666667 0.833333 1 1 1 1
  NumberCoefs 9 9
  Coefs
  -0.146662 -0.0611392 0.0931956 0.295376 0.483822 0.671144
  0.869706 1.01945 1.10192 -0.119298 -0.0377719 0.109563
  0.303251 0.484249 0.66421 0.854538 0.997574 1.07622
  -0.0787196 -0.00331446 0.133433 0.314594 0.484808 0.654127
  0.832354 0.965283 1.0381 -0.0473341 0.0230843 0.151366
  0.322877 0.485031 0.646417 0.815379 0.940268 1.00836
  -0.037402 0.0313483 0.156829 0.325219 0.484812 0.643679
  0.809643 0.931868 0.998372 -0.0461383 0.0239565 0.151691
  0.322574 0.484194 0.645041 0.813358 0.937676 1.00543
  -0.0758626 -0.00116533 0.134369 0.314099 0.48307 0.651131
  0.827879 0.959529 1.0316 -0.114716 -0.0342394 0.111272
  0.302755 0.481794 0.659769 0.847802 0.988903 1.06643
  -0.140983 -0.0567167 0.0954232 0.294913 0.480946 0.665821
  0.861577 1.00899 1.09011 
EndWarp

 