Version "Locarno 3.0"
BuildNumber 3002
Product bumblebee
SerialNumber 7420015
PartID BBXB3-13S2C
SensorResolution 1280 960
Date 11-Apr-2008 09:39:28
Debug off

Resolution 240 320
LowPass on
Rectify on
EdgeCorrelation on
DoStereo on
EdgeMaskSize 7
StereoMaskSize 11

Disparity 0 64
DisparityMappingOn off
DisparityMapping 0 64
TextureValidation on
TextureValidationThreshold 0.2
TextureValidationMapping 255
UniqueValidation off
UniqueValidationThreshold 0.8
UniqueValidationMapping 254
SubPixelInterpolate off
StrictSubpixelValidation off
SurfaceValidation on
SurfaceValidationMapping 253
SurfaceValidationDifference 1
SurfaceValidationSize 200

CameraConfiguration 2CameraHorizontal
FocalLength 0.768857 1.02514 
ImageCenter 0.50015 0.502811
BaseLine 0.240254 

ShearAngle 90 
SkewingMatrix 1 2.38524e-18 0 0 0 1 0 0 0 0 1 0 0 0 0 1 
UnskewingMatrix 1 -2.38524e-18 0 0 0 1 0 0 -0 -0 1 0 0 0 0 1 
BeginCamera
  Id 0
  Channel red
  Position 0 0 0
  Gain 1
  Warp 0 1
  IWarp 6 7
EndCamera

BeginCamera
  Id 1
  Channel green
  Position -1 0 0
  Gain 1
  Warp 2 3
  IWarp 8 9
EndCamera

BeginWarp
  Id 0
  NumberKnots 14
  KnotsX 0 0 0 0 0.142857 0.285714 0.428571 0.571429 0.714286 0.857143 1 1 1 1
  KnotsY 0 0 0 0 0.142857 0.285714 0.428571 0.571429 0.714286 0.857143 1 1 1 1
  NumberCoefs 10 10
  Coefs
  0.0742998 0.0697013 0.0612471 0.0518884 0.0467814 0.0464687
  0.0509678 0.0597673 0.0678939 0.072341 0.107762 0.103278
  0.0950112 0.0858276 0.0808045 0.0804904 0.0849038 0.0935284
  0.101469 0.105803 0.179936 0.175848 0.168272 0.159803
  0.15515 0.154837 0.158884 0.166801 0.174058 0.177999
  0.303812 0.300965 0.295673 0.289763 0.28651 0.286219
  0.288907 0.294299 0.299292 0.302001 0.439576 0.438511
  0.436523 0.434285 0.433001 0.43275 0.433544 0.435326
  0.437043 0.437983 0.579786 0.580703 0.582382 0.584142
  0.584952 0.58475 0.583545 0.581408 0.579495 0.578468
  0.715547 0.718248 0.723239 0.72868 0.731467 0.731316
  0.728229 0.722491 0.717304 0.714507 0.839413 0.843362
  0.850652 0.858677 0.862888 0.862779 0.858348 0.850091
  0.842639 0.838608 0.91157 0.915921 0.923915 0.932677
  0.937279 0.937188 0.932401 0.923441 0.915304 0.91088
  0.945019 0.949487 0.957675 0.966623 0.971319 0.971236
  0.966369 0.957237 0.948915 0.944377 
EndWarp

BeginWarp
  Id 1
  NumberKnots 12
  KnotsX 0 0 0 0 0.2 0.4 0.6 0.8 1 1 1 1
  KnotsY 0 0 0 0 0.2 0.4 0.6 0.8 1 1 1 1
  NumberCoefs 8 8
  Coefs
  0.0504779 0.102131 0.21218 0.392568 0.578921 0.759667
  0.870118 0.921989 0.0394108 0.0919365 0.20434 0.389804
  0.58185 0.767699 0.880533 0.933288 0.0182672 0.0723225
  0.189044 0.38437 0.587684 0.783455 0.900658 0.954965
  -0.000983962 0.0544226 0.175293 0.379819 0.593138 0.798137
  0.919525 0.975195 -0.000433497 0.0549814 0.175868 0.380398
  0.593699 0.798672 0.920038 0.975695 0.0198468 0.0739202
  0.190675 0.386015 0.589295 0.784997 0.902135 0.956406
  0.0415769 0.0941196 0.206552 0.392025 0.584031 0.769792
  0.882539 0.935247 0.0529123 0.104581 0.214655 0.395045
  0.581351 0.761999 0.872357 0.924177 
EndWarp

BeginWarp
  Id 2
  NumberKnots 14
  KnotsX 0 0 0 0 0.142857 0.285714 0.428571 0.571429 0.714286 0.857143 1 1 1 1
  KnotsY 0 0 0 0 0.142857 0.285714 0.428571 0.571429 0.714286 0.857143 1 1 1 1
  NumberCoefs 10 10
  Coefs
  0.059403 0.0549737 0.0468675 0.0380444 0.0334675 0.0336594
  0.0386219 0.0478349 0.0562041 0.0607651 0.0929597 0.088647
  0.0807334 0.0720939 0.0676095 0.0678076 0.0726891 0.0817284
  0.0899102 0.0943568 0.16532 0.161407 0.154192 0.146281
  0.142183 0.142397 0.146922 0.155257 0.162753 0.166805
  0.289449 0.286774 0.281839 0.276487 0.273796 0.274047
  0.277234 0.28306 0.288297 0.291119 0.425447 0.424546
  0.422902 0.421205 0.420472 0.420763 0.422065 0.424298
  0.42627 0.427327 0.565906 0.566977 0.56898 0.57126
  0.572604 0.572926 0.572216 0.57053 0.568882 0.567977
  0.701959 0.704802 0.710092 0.716017 0.719307 0.719654
  0.717043 0.71175 0.706831 0.704159 0.826186 0.830263
  0.837823 0.846287 0.850957 0.851315 0.847339 0.839516
  0.832329 0.828423 0.898629 0.903102 0.911351 0.920524
  0.925558 0.925909 0.921557 0.913013 0.905133 0.900829
  0.93223 0.936818 0.945253 0.9546 0.959716 0.960061
  0.955617 0.946891 0.938819 0.9344 
EndWarp

BeginWarp
  Id 3
  NumberKnots 12
  KnotsX 0 0 0 0 0.2 0.4 0.6 0.8 1 1 1 1
  KnotsY 0 0 0 0 0.2 0.4 0.6 0.8 1 1 1 1
  NumberCoefs 8 8
  Coefs
  0.076338 0.128158 0.238509 0.419247 0.605873 0.786862
  0.89748 0.949436 0.0649367 0.117626 0.230324 0.416123
  0.608428 0.794514 0.907521 0.960367 0.0430767 0.0972883
  0.214282 0.409899 0.613428 0.809421 0.926819 0.981234
  0.0225806 0.0781192 0.199204 0.403977 0.617514 0.822743
  0.944359 1.00017 0.0218303 0.0773574 0.198424 0.403193
  0.61675 0.822018 0.943666 0.99949 0.0409276 0.0951115
  0.21206 0.407664 0.611243 0.807336 0.924822 0.979283
  0.0620074 0.114667 0.227317 0.413106 0.605469 0.791676
  0.90479 0.957694 0.0730578 0.124848 0.235153 0.415884
  0.602574 0.783689 0.894421 0.946438 
EndWarp

BeginWarp
  Id 6
  NumberKnots 14
  KnotsX 0 0 0 0 0.142857 0.285714 0.428571 0.571429 0.714286 0.857143 1 1 1 1
  KnotsY 0 0 0 0 0.142857 0.285714 0.428571 0.571429 0.714286 0.857143 1 1 1 1
  NumberCoefs 10 10
  Coefs
  -0.129424 -0.116625 -0.0959095 -0.0768071 -0.0678871 -0.0682891
  -0.078065 -0.0981744 -0.119719 -0.132981 -0.0472369 -0.0363632
  -0.0188277 -0.00273527 0.00476825 0.00446252 -0.0037003 -0.0205916
  -0.0388052 -0.0500637 0.0939022 0.101546 0.11378 0.124901
  0.130079 0.129934 0.124427 0.112866 0.100222 0.0923364
  0.26563 0.269768 0.276339 0.282263 0.285045 0.285067
  0.282306 0.27634 0.269678 0.265475 0.417412 0.418863
  0.421169 0.423278 0.424332 0.424473 0.423698 0.421859
  0.419727 0.418364 0.562763 0.561825 0.560375 0.559174
  0.558742 0.558988 0.559926 0.561683 0.563561 0.564734
  0.713016 0.709465 0.703878 0.69899 0.696895 0.697265
  0.700133 0.705902 0.712197 0.716145 0.881154 0.874245
  0.863246 0.853417 0.849059 0.849606 0.855112 0.866254
  0.878312 0.885816 1.01784 1.00784 0.991791 0.977241
  0.97069 0.971414 0.979478 0.995743 1.01316 1.02392
  1.09705 1.08521 1.06612 1.0487 1.04081 1.04164
  1.05127 1.07064 1.09127 1.10397 
EndWarp

BeginWarp
  Id 7
  NumberKnots 13
  KnotsX 0 0 0 0 0.166667 0.333333 0.5 0.666667 0.833333 1 1 1 1
  KnotsY 0 0 0 0 0.166667 0.333333 0.5 0.666667 0.833333 1 1 1 1
  NumberCoefs 9 9
  Coefs
  -0.099721 -0.017027 0.132621 0.330122 0.515868 0.702413
  0.902487 1.05537 1.1402 -0.0738212 0.0049459 0.147718
  0.336839 0.515134 0.69416 0.885647 1.03144 1.11221
  -0.03562 0.0371603 0.169596 0.346445 0.514027 0.682221
  0.861087 0.996158 1.07072 -0.006368 0.0615734 0.185825
  0.353351 0.513031 0.673213 0.842426 0.968953 1.03846
  0.00277599 0.0691111 0.190681 0.355234 0.512444 0.670115
  0.836225 0.959925 1.02774 -0.00542018 0.062225 0.185979
  0.35295 0.512162 0.671856 0.840449 0.9664 1.03556
  -0.033268 0.0388662 0.170192 0.345746 0.512199 0.679219
  0.856644 0.990433 1.06424 -0.0699863 0.00783431 0.148945
  0.336038 0.512516 0.689654 0.878897 1.02277 1.10243
  -0.0949797 -0.013404 0.134257 0.329284 0.512779 0.696989
  0.89433 1.04493 1.12845 
EndWarp

BeginWarp
  Id 8
  NumberKnots 14
  KnotsX 0 0 0 0 0.142857 0.285714 0.428571 0.571429 0.714286 0.857143 1 1 1 1
  KnotsY 0 0 0 0 0.142857 0.285714 0.428571 0.571429 0.714286 0.857143 1 1 1 1
  NumberCoefs 10 10
  Coefs
  -0.10987 -0.0972897 -0.0768532 -0.0577634 -0.0484459 -0.0479754
  -0.0562879 -0.0741859 -0.093632 -0.105655 -0.0294444 -0.0187898
  -0.00155373 0.0144399 0.0221937 0.0225446 0.0155508 0.000487747
  -0.0159493 -0.0261474 0.109349 0.116763 0.12865 0.139518
  0.144698 0.14485 0.140019 0.129635 0.118209 0.111071
  0.279689 0.283547 0.28966 0.295122 0.297631 0.297576
  0.294981 0.289504 0.283451 0.279645 0.431379 0.432459
  0.434138 0.435554 0.436099 0.435892 0.434934 0.433107
  0.43115 0.429927 0.577635 0.576186 0.573859 0.571663
  0.570469 0.570124 0.570606 0.572021 0.573744 0.57486
  0.729911 0.725651 0.718834 0.712532 0.709339 0.708828
  0.710953 0.716044 0.721891 0.725606 0.901609 0.893729
  0.881026 0.869198 0.863259 0.862511 0.866881 0.876925
  0.888196 0.895273 1.04206 1.03088 1.01272 0.995642
  0.987053 0.986071 0.992607 1.00737 1.02369 1.03385
  1.12359 1.11044 1.08902 1.06878 1.05858 1.05745
  1.0653 1.08291 1.10227 1.11427 
EndWarp

BeginWarp
  Id 9
  NumberKnots 13
  KnotsX 0 0 0 0 0.166667 0.333333 0.5 0.666667 0.833333 1 1 1 1
  KnotsY 0 0 0 0 0.166667 0.333333 0.5 0.666667 0.833333 1 1 1 1
  NumberCoefs 9 9
  Coefs
  -0.131501 -0.0477126 0.10343 0.301429 0.48606 0.669688
  0.864459 1.01153 1.09262 -0.104656 -0.024742 0.119631
  0.309463 0.486965 0.66355 0.85041 0.990987 1.06838
  -0.0649599 0.00904449 0.143227 0.321083 0.488338 0.654819
  0.830133 0.960993 1.03275 -0.0343916 0.0348747 0.161042
  0.329842 0.489588 0.648694 0.815346 0.938627 1.00591
  -0.0248695 0.0429372 0.166664 0.332773 0.490338 0.647309
  0.811416 0.932419 0.998339 -0.0338311 0.0355211 0.161836
  0.330809 0.490707 0.64998 0.816854 0.940346 1.00776
  -0.0638985 0.0102893 0.144796 0.323051 0.490672 0.657558
  0.833391 0.964727 1.03677 -0.103282 -0.0231067 0.121741
  0.31219 0.490282 0.667519 0.855191 0.996486 1.07429
  -0.129943 -0.0458513 0.105851 0.304598 0.489957 0.674391
  0.870153 1.01808 1.09968 
EndWarp

Version "Locarno 3.0"
BuildNumber 3002
Product bumblebee
SerialNumber 7420015
PartID BBXB3-13S2C
SensorResolution 1280 960
Date 11-Apr-2008 09:45:21
Debug off

Resolution 240 320
LowPass on
Rectify on
EdgeCorrelation on
DoStereo on
EdgeMaskSize 7
StereoMaskSize 11

Disparity 0 64
DisparityMappingOn off
DisparityMapping 0 64
TextureValidation on
TextureValidationThreshold 0.2
TextureValidationMapping 255
UniqueValidation off
UniqueValidationThreshold 0.8
UniqueValidationMapping 254
SubPixelInterpolate off
StrictSubpixelValidation off
SurfaceValidation on
SurfaceValidationMapping 253
SurfaceValidationDifference 1
SurfaceValidationSize 200

CameraConfiguration 2CameraHorizontal
FocalLength 0.774334 1.03245 
ImageCenter 0.500807 0.506092
BaseLine 0.12006 

ShearAngle 90 
SkewingMatrix 1 -1.51788e-18 0 0 0 1 0 0 0 0 1 0 0 0 0 1 
UnskewingMatrix 1 1.51788e-18 0 0 0 1 0 0 -0 -0 1 0 0 0 0 1 
BeginCamera
  Id 0
  Channel red
  Position 0 0 0
  Gain 1
  Warp 0 1
  IWarp 6 7
EndCamera

BeginCamera
  Id 1
  Channel green
  Position -1 0 0
  Gain 1
  Warp 2 3
  IWarp 8 9
EndCamera

BeginWarp
  Id 0
  NumberKnots 14
  KnotsX 0 0 0 0 0.142857 0.285714 0.428571 0.571429 0.714286 0.857143 1 1 1 1
  KnotsY 0 0 0 0 0.142857 0.285714 0.428571 0.571429 0.714286 0.857143 1 1 1 1
  NumberCoefs 10 10
  Coefs
  0.0768786 0.072359 0.0640518 0.0548553 0.0498316 0.0495149
  0.0539314 0.0625928 0.0706101 0.0750025 0.110203 0.105801
  0.0976867 0.0886737 0.0837406 0.0834266 0.0877583 0.0962438
  0.104075 0.108354 0.182041 0.178038 0.170622 0.162338
  0.15779 0.15749 0.161463 0.169247 0.176398 0.180287
  0.305177 0.302404 0.297254 0.29152 0.288384 0.288142
  0.290811 0.296131 0.301059 0.303736 0.440001 0.438984
  0.437095 0.434994 0.433827 0.43367 0.43453 0.436348
  0.438077 0.439022 0.579219 0.580155 0.58188 0.583732
  0.584659 0.584595 0.583541 0.581562 0.57975 0.57877
  0.714124 0.716822 0.721817 0.727315 0.730219 0.730244
  0.727383 0.7219 0.716884 0.714167 0.837394 0.841331
  0.84861 0.856681 0.861014 0.861108 0.856943 0.848989
  0.841739 0.837805 0.90933 0.913672 0.92166 0.930477
  0.93521 0.935326 0.930805 0.922145 0.91421 0.909882
  0.942701 0.947162 0.955349 0.964356 0.969186 0.969309
  0.964705 0.955869 0.947745 0.943303 
EndWarp

BeginWarp
  Id 1
  NumberKnots 12
  KnotsX 0 0 0 0 0.2 0.4 0.6 0.8 1 1 1 1
  KnotsY 0 0 0 0 0.2 0.4 0.6 0.8 1 1 1 1
  NumberCoefs 8 8
  Coefs
  0.0506737 0.102007 0.211341 0.39053 0.575751 0.755628
  0.865728 0.917471 0.0396265 0.0918189 0.203468 0.387648
  0.578478 0.76341 0.875892 0.928525 0.0185354 0.0722333
  0.188124 0.381976 0.583879 0.778629 0.895492 0.949694
  -0.000788549 0.0542387 0.174195 0.37707 0.588808 0.792675
  0.913743 0.969335 -0.000615316 0.0544227 0.174407 0.377327
  0.589105 0.793004 0.914082 0.969675 0.0190561 0.072782
  0.18874 0.382713 0.584728 0.779559 0.896444 0.950649
  0.040379 0.0926057 0.204334 0.388654 0.579617 0.764644
  0.877152 0.929789 0.0515388 0.102909 0.212326 0.391659
  0.577016 0.75699 0.867117 0.918865 
EndWarp

BeginWarp
  Id 2
  NumberKnots 14
  KnotsX 0 0 0 0 0.142857 0.285714 0.428571 0.571429 0.714286 0.857143 1 1 1 1
  KnotsY 0 0 0 0 0.142857 0.285714 0.428571 0.571429 0.714286 0.857143 1 1 1 1
  NumberCoefs 10 10
  Coefs
  0.0652934 0.0608451 0.0526825 0.0437033 0.0388908 0.0387732
  0.0433707 0.0521902 0.0602969 0.0647306 0.0987658 0.0944347
  0.0864656 0.07767 0.0729487 0.0728354 0.0773497 0.0859937
  0.0939129 0.0982325 0.170895 0.166963 0.15969 0.15162
  0.147283 0.147186 0.151348 0.159294 0.166533 0.170462
  0.29445 0.291743 0.286727 0.281192 0.278258 0.278221
  0.281088 0.286582 0.291603 0.294321 0.429691 0.428737
  0.426977 0.425072 0.424103 0.424145 0.425196 0.427183
  0.429003 0.429988 0.569339 0.570337 0.572191 0.574249
  0.57538 0.575501 0.574611 0.572773 0.571042 0.570099
  0.70468 0.707434 0.712549 0.718243 0.72134 0.721537
  0.718821 0.713465 0.708525 0.705845 0.828403 0.832387
  0.839765 0.847999 0.852498 0.852748 0.848725 0.8409
  0.833731 0.829834 0.900665 0.905048 0.913124 0.922083
  0.926964 0.927225 0.922841 0.914309 0.906454 0.902164
  0.934204 0.938705 0.946975 0.956116 0.961086 0.961348
  0.956877 0.948167 0.940121 0.935715 
EndWarp

BeginWarp
  Id 3
  NumberKnots 12
  KnotsX 0 0 0 0 0.2 0.4 0.6 0.8 1 1 1 1
  KnotsY 0 0 0 0 0.2 0.4 0.6 0.8 1 1 1 1
  NumberCoefs 8 8
  Coefs
  0.0794544 0.130995 0.240726 0.420467 0.606215 0.78661
  0.89706 0.94898 0.0682611 0.120658 0.232696 0.417422
  0.608777 0.794228 0.907063 0.959876 0.0468613 0.100757
  0.217018 0.411398 0.613823 0.809091 0.926314 0.980703
  0.0270057 0.0822105 0.20249 0.405902 0.618241 0.822656
  0.944077 0.999862 0.0266945 0.0819043 0.2022 0.405662
  0.618064 0.82254 0.943992 0.99979 0.045995 0.0999062
  0.216216 0.410722 0.613309 0.808735 0.926043 0.980468
  0.0671169 0.119538 0.231642 0.416522 0.608068 0.79371
  0.906653 0.959515 0.0781908 0.12976 0.239563 0.41947
  0.605419 0.786016 0.896583 0.948556 
EndWarp

BeginWarp
  Id 6
  NumberKnots 14
  KnotsX 0 0 0 0 0.142857 0.285714 0.428571 0.571429 0.714286 0.857143 1 1 1 1
  KnotsY 0 0 0 0 0.142857 0.285714 0.428571 0.571429 0.714286 0.857143 1 1 1 1
  NumberCoefs 10 10
  Coefs
  -0.134319 -0.121469 -0.100685 -0.0815677 -0.072713 -0.0732607
  -0.0832712 -0.103723 -0.125587 -0.13904 -0.0514097 -0.0405016
  -0.0229243 -0.00683965 0.000591599 0.000148669 -0.00822393 -0.0254138
  -0.0439035 -0.0553258 0.0909149 0.098567 0.110802 0.12188
  0.126975 0.126706 0.121028 0.109235 0.0963819 0.0883739
  0.263994 0.268116 0.274647 0.280496 0.283186 0.283095
  0.280198 0.274064 0.267258 0.262972 0.416906 0.418322
  0.420561 0.422573 0.423527 0.423564 0.422676 0.420709
  0.418478 0.41706 0.56328 0.562292 0.560753 0.559434
  0.558897 0.559043 0.559885 0.561546 0.563357 0.564495
  0.714528 0.710913 0.705211 0.700185 0.697977 0.69825
  0.701037 0.706737 0.712995 0.716927 0.883705 0.876712
  0.86557 0.855576 0.851092 0.851544 0.856984 0.868087
  0.88014 0.887646 1.02116 1.01107 0.994847 0.980109
  0.973421 0.97405 0.982058 0.998307 1.01574 1.02652
  1.10079 1.08884 1.06957 1.05195 1.04392 1.04465
  1.05423 1.07359 1.09426 1.10698 
EndWarp

BeginWarp
  Id 7
  NumberKnots 13
  KnotsX 0 0 0 0 0.166667 0.333333 0.5 0.666667 0.833333 1 1 1 1
  KnotsY 0 0 0 0 0.166667 0.333333 0.5 0.666667 0.833333 1 1 1 1
  NumberCoefs 9 9
  Coefs
  -0.101875 -0.0184957 0.132382 0.331486 0.518729 0.706777
  0.908475 1.06263 1.14817 -0.0755474 0.00385581 0.147773
  0.338397 0.518102 0.698546 0.89156 1.03853 1.11997
  -0.036691 0.036651 0.170106 0.34831 0.517177 0.686665
  0.866917 1.00305 1.0782 -0.00680291 0.061634 0.186794
  0.355548 0.516405 0.677777 0.848258 0.975743 1.04578
  0.00277818 0.069572 0.191988 0.357698 0.516027 0.674829
  0.842144 0.966751 1.03507 -0.00510319 0.0629837 0.187556
  0.355651 0.515953 0.676755 0.846531 0.973375 1.04303
  -0.0327182 0.0398553 0.171997 0.348675 0.516219 0.684354
  0.86298 0.997685 1.072 -0.0693111 0.00895375 0.150892
  0.339131 0.516722 0.695005 0.885492 1.03032 1.11051
  -0.0942365 -0.0122142 0.136283 0.33247 0.517096 0.702473
  0.901085 1.05266 1.13672 
EndWarp

BeginWarp
  Id 8
  NumberKnots 14
  KnotsX 0 0 0 0 0.142857 0.285714 0.428571 0.571429 0.714286 0.857143 1 1 1 1
  KnotsY 0 0 0 0 0.142857 0.285714 0.428571 0.571429 0.714286 0.857143 1 1 1 1
  NumberCoefs 10 10
  Coefs
  -0.121099 -0.108065 -0.0868279 -0.0667998 -0.0567556 -0.0557248
  -0.0636014 -0.0811462 -0.100383 -0.1123 -0.0394784 -0.0284141
  -0.0104566 0.00638002 0.0147846 0.0156354 0.00902908 -0.00572172
  -0.0219747 -0.0320797 0.101286 0.109032 0.121503 0.13305
  0.138754 0.139308 0.134788 0.124654 0.113375 0.10631
  0.273692 0.277792 0.28433 0.290286 0.29318 0.293427
  0.291072 0.28579 0.279849 0.276098 0.42685 0.428104
  0.430085 0.431857 0.432686 0.43271 0.431941 0.430271
  0.428399 0.427214 0.574191 0.572863 0.570747 0.568801
  0.567814 0.567642 0.568267 0.569793 0.571564 0.572696
  0.727281 0.723107 0.716434 0.710302 0.707248 0.70685
  0.709057 0.714188 0.720022 0.723716 0.899524 0.891707
  0.879105 0.867382 0.861515 0.860803 0.865164 0.875131
  0.886285 0.893283 1.04006 1.02893 1.01086 0.993852
  0.985283 0.984267 0.990699 1.00526 1.02136 1.03138
  1.1215 1.10841 1.08707 1.06688 1.05667 1.05547
  1.06316 1.0805 1.09956 1.11138 
EndWarp

BeginWarp
  Id 9
  NumberKnots 13
  KnotsX 0 0 0 0 0.166667 0.333333 0.5 0.666667 0.833333 1 1 1 1
  KnotsY 0 0 0 0 0.166667 0.333333 0.5 0.666667 0.833333 1 1 1 1
  NumberCoefs 9 9
  Coefs
  -0.139422 -0.0545005 0.0985809 0.29878 0.48512 0.670119
  0.866003 1.01363 1.09494 -0.11209 -0.0311114 0.115075
  0.306947 0.486023 0.663868 0.85175 0.992839 1.07042
  -0.0716246 0.00332746 0.13911 0.318737 0.487341 0.654895
  0.831077 0.962362 1.03427 -0.0404349 0.0296565 0.157203
  0.327502 0.488373 0.648361 0.81571 0.939307 1.00668
  -0.0307382 0.037815 0.162784 0.33023 0.488784 0.646511
  0.811179 0.932388 0.99834 -0.0398925 0.0301618 0.157647
  0.327875 0.488685 0.648617 0.815913 0.939472 1.00683
  -0.0704594 0.0044078 0.140051 0.319521 0.487994 0.65543
  0.831496 0.962696 1.03456 -0.110363 -0.0295204 0.116446
  0.308075 0.486954 0.664623 0.852328 0.993281 1.07078
  -0.137334 -0.0525835 0.100222 0.300118 0.486215 0.670998
  0.866663 1.01412 1.09533 
EndWarp

 