Version "Locarno 3.0"
BuildNumber 3002
Product bumblebee
SerialNumber 7420008
PartID BBXB3-13S2C
SensorResolution 1280 960
Date 11-Mar-2008 15:05:35
Debug off

Resolution 240 320
LowPass on
Rectify on
EdgeCorrelation on
DoStereo on
EdgeMaskSize 7
StereoMaskSize 11

Disparity 0 64
DisparityMappingOn off
DisparityMapping 0 64
TextureValidation on
TextureValidationThreshold 0.2
TextureValidationMapping 255
UniqueValidation off
UniqueValidationThreshold 0.8
UniqueValidationMapping 254
SubPixelInterpolate off
StrictSubpixelValidation off
SurfaceValidation on
SurfaceValidationMapping 253
SurfaceValidationDifference 1
SurfaceValidationSize 200

CameraConfiguration 2CameraHorizontal
FocalLength 0.762356 1.01647 
ImageCenter 0.501887 0.508894
BaseLine 0.240357 

ShearAngle 90 
SkewingMatrix 1 -4.8789e-19 0 0 0 1 0 0 0 0 1 0 0 0 0 1 
UnskewingMatrix 1 4.8789e-19 0 0 0 1 0 0 -0 -0 1 0 0 0 0 1 
BeginCamera
  Id 0
  Channel red
  Position 0 0 0
  Gain 1
  Warp 0 1
  IWarp 6 7
EndCamera

BeginCamera
  Id 1
  Channel green
  Position -1 0 0
  Gain 1
  Warp 2 3
  IWarp 8 9
EndCamera

BeginWarp
  Id 0
  NumberKnots 14
  KnotsX 0 0 0 0 0.142857 0.285714 0.428571 0.571429 0.714286 0.857143 1 1 1 1
  KnotsY 0 0 0 0 0.142857 0.285714 0.428571 0.571429 0.714286 0.857143 1 1 1 1
  NumberCoefs 10 10
  Coefs
  0.0804033 0.0757306 0.0671192 0.0575171 0.0521889 0.0517085
  0.0561164 0.0649094 0.0730846 0.0775666 0.114202 0.109644
  0.10122 0.0917922 0.0865474 0.0860682 0.0903957 0.0990209
  0.107015 0.111386 0.187106 0.182948 0.17522 0.166511
  0.161645 0.161181 0.16516 0.173094 0.180414 0.184396
  0.312286 0.309389 0.303985 0.297898 0.294495 0.294111
  0.296772 0.3022 0.30725 0.309993 0.449588 0.448515
  0.446505 0.444226 0.44291 0.442647 0.443447 0.445251
  0.44699 0.447942 0.591509 0.592474 0.594252 0.596154
  0.597076 0.596945 0.595764 0.59361 0.591664 0.590615
  0.729005 0.731802 0.736997 0.742737 0.745766 0.745765
  0.742723 0.736933 0.731662 0.728814 0.854503 0.858576
  0.866125 0.874529 0.879056 0.879154 0.874796 0.866484
  0.858925 0.854829 0.927648 0.932129 0.94039 0.949538
  0.954465 0.954594 0.949894 0.940891 0.932652 0.928163
  0.961565 0.966165 0.974621 0.983953 0.988973 0.989111
  0.984335 0.975166 0.966746 0.962144 
EndWarp

BeginWarp
  Id 1
  NumberKnots 12
  KnotsX 0 0 0 0 0.2 0.4 0.6 0.8 1 1 1 1
  KnotsY 0 0 0 0 0.2 0.4 0.6 0.8 1 1 1 1
  NumberCoefs 8 8
  Coefs
  0.0635968 0.115656 0.226623 0.408828 0.597436 0.780692
  0.892821 0.945497 0.052173 0.105101 0.218426 0.405775
  0.600197 0.788702 0.903299 0.956895 0.0303026 0.0847486
  0.202388 0.399743 0.605716 0.804461 0.923602 0.97882
  0.0101286 0.0659093 0.187701 0.394529 0.61093 0.819296
  0.942816 0.99947 0.0103064 0.0661157 0.187978 0.394947
  0.611495 0.819977 0.943538 1.0002 0.030882 0.0854085
  0.203239 0.400959 0.607309 0.806353 0.925605 0.980859
  0.0530644 0.106099 0.219667 0.407454 0.602319 0.791183
  0.905929 0.959579 0.0646436 0.11682 0.228049 0.410716
  0.599786 0.783423 0.895718 0.948456 
EndWarp

BeginWarp
  Id 2
  NumberKnots 14
  KnotsX 0 0 0 0 0.142857 0.285714 0.428571 0.571429 0.714286 0.857143 1 1 1 1
  KnotsY 0 0 0 0 0.142857 0.285714 0.428571 0.571429 0.714286 0.857143 1 1 1 1
  NumberCoefs 10 10
  Coefs
  0.0791479 0.0746068 0.0662676 0.0570951 0.0522095 0.0521743
  0.057016 0.0662168 0.0746393 0.079238 0.112917 0.108492
  0.100342 0.0913475 0.0865523 0.086528 0.091301 0.100345
  0.108593 0.113083 0.185748 0.181722 0.174268 0.165998
  0.161593 0.161603 0.166052 0.174432 0.182019 0.186126
  0.310794 0.308027 0.302893 0.297245 0.294314 0.294427
  0.297591 0.303498 0.308837 0.311715 0.447973 0.447028
  0.44529 0.443464 0.442635 0.442882 0.444195 0.446487
  0.448522 0.449613 0.589806 0.590899 0.592955 0.595326
  0.596752 0.597132 0.596451 0.59477 0.593114 0.592204
  0.72725 0.730173 0.735638 0.741839 0.745364 0.745863
  0.743307 0.737977 0.732994 0.730285 0.852742 0.856933
  0.864734 0.873567 0.878558 0.879134 0.875249 0.867395
  0.860128 0.856173 0.925921 0.930515 0.939017 0.948571
  0.953939 0.954526 0.950287 0.941735 0.933786 0.929437
  0.959864 0.964574 0.973266 0.982995 0.988444 0.98903
  0.984709 0.975986 0.967852 0.96339 
EndWarp

BeginWarp
  Id 3
  NumberKnots 12
  KnotsX 0 0 0 0 0.2 0.4 0.6 0.8 1 1 1 1
  KnotsY 0 0 0 0 0.2 0.4 0.6 0.8 1 1 1 1
  NumberCoefs 8 8
  Coefs
  0.055139 0.107227 0.218223 0.400397 0.588906 0.772015
  0.884038 0.936666 0.0434676 0.0964193 0.209763 0.397067
  0.591382 0.77973 0.894212 0.947757 0.0210328 0.0754894
  0.193119 0.3904 0.596258 0.794834 0.913848 0.969013
  -0.000222973 0.055535 0.177245 0.383968 0.600308 0.80854
  0.931931 0.988535 -0.00121799 0.0545432 0.176279 0.383101
  0.599577 0.807954 0.931427 0.988064 0.0182408 0.0727115
  0.190412 0.387944 0.594158 0.793109 0.912338 0.967596
  0.0397533 0.092732 0.206175 0.393783 0.588516 0.777309
  0.892058 0.945723 0.0510254 0.103147 0.214257 0.396753
  0.585697 0.769274 0.881582 0.934339 
EndWarp

BeginWarp
  Id 6
  NumberKnots 14
  KnotsX 0 0 0 0 0.142857 0.285714 0.428571 0.571429 0.714286 0.857143 1 1 1 1
  KnotsY 0 0 0 0 0.142857 0.285714 0.428571 0.571429 0.714286 0.857143 1 1 1 1
  NumberCoefs 10 10
  Coefs
  -0.142388 -0.128963 -0.107069 -0.0863934 -0.0760342 -0.0750291
  -0.0832914 -0.101608 -0.121637 -0.134025 -0.0594906 -0.0480495
  -0.0294561 -0.0119844 -0.00325077 -0.00238171 -0.0092983 -0.0247148
  -0.0416702 -0.0521968 0.082813 0.0909159 0.103988 0.116149
  0.122204 0.12285 0.118151 0.107538 0.0957154 0.0883148
  0.255341 0.2598 0.266934 0.273506 0.276783 0.277201
  0.274801 0.269232 0.262909 0.258909 0.40697 0.40863
  0.411282 0.41374 0.415011 0.415268 0.41453 0.412664
  0.410478 0.409078 0.551255 0.550449 0.549191 0.548118
  0.547685 0.547808 0.548485 0.5498 0.551219 0.552107
  0.699381 0.695934 0.690463 0.685548 0.683253 0.683233
  0.685465 0.690253 0.695571 0.69892 0.863753 0.85698
  0.846118 0.836167 0.831389 0.83118 0.835497 0.844862
  0.855199 0.861664 0.995927 0.986147 0.970328 0.955638
  0.948486 0.948096 0.954413 0.968106 0.983082 0.992381
  1.07197 1.06041 1.04163 1.02408 1.01548 1.01498
  1.02252 1.03883 1.05658 1.06757 
EndWarp

BeginWarp
  Id 7
  NumberKnots 13
  KnotsX 0 0 0 0 0.166667 0.333333 0.5 0.666667 0.833333 1 1 1 1
  KnotsY 0 0 0 0 0.166667 0.333333 0.5 0.666667 0.833333 1 1 1 1
  NumberCoefs 9 9
  Coefs
  -0.122081 -0.0382667 0.11304 0.311401 0.496458 0.680646
  0.87621 1.02398 1.10545 -0.0945364 -0.0147434 0.129513
  0.319302 0.49682 0.673537 0.860731 1.00168 1.07926
  -0.0535826 0.0200348 0.153604 0.330718 0.497298 0.66319
  0.83805 0.968683 1.04032 -0.0214605 0.0470553 0.171963
  0.339198 0.497506 0.655231 0.820526 0.942844 1.00958
  -0.0104034 0.0562687 0.178083 0.341874 0.497354 0.652289
  0.814252 0.9336 0.998567 -0.017301 0.0504415 0.174046
  0.339809 0.496886 0.653386 0.817225 0.938256 1.00423
  -0.0440203 0.0279029 0.158579 0.332326 0.496025 0.659045
  0.830561 0.958318 1.02826 -0.0796897 -0.00240905 0.137497
  0.322079 0.495044 0.667215 0.849213 0.985811 1.06088
  -0.10394 -0.0231298 0.12294 0.314947 0.494391 0.672969
  0.862181 1.00471 1.08316 
EndWarp

BeginWarp
  Id 8
  NumberKnots 14
  KnotsX 0 0 0 0 0.142857 0.285714 0.428571 0.571429 0.714286 0.857143 1 1 1 1
  KnotsY 0 0 0 0 0.142857 0.285714 0.428571 0.571429 0.714286 0.857143 1 1 1 1
  NumberCoefs 10 10
  Coefs
  -0.137575 -0.124802 -0.104065 -0.0848423 -0.0757773 -0.0760158
  -0.0855653 -0.105298 -0.126407 -0.139382 -0.0552424 -0.044377
  -0.0268065 -0.0106178 -0.00303122 -0.00327187 -0.0113471 -0.0280488
  -0.0459937 -0.0570601 0.0862122 0.0938628 0.106132 0.117284
  0.122429 0.122183 0.11654 0.104867 0.0922186 0.084365
  0.257928 0.262062 0.268617 0.274449 0.277048 0.276794
  0.27368 0.267309 0.260362 0.256018 0.408976 0.410403
  0.412631 0.414529 0.415276 0.415012 0.413731 0.411269
  0.40863 0.406982 0.552782 0.551818 0.55026 0.548765
  0.547927 0.547651 0.547925 0.548822 0.549939 0.550665
  0.700441 0.696909 0.691263 0.686071 0.683494 0.683197
  0.685167 0.689711 0.694872 0.69814 0.864255 0.85749
  0.846612 0.836574 0.831677 0.831348 0.83557 0.844879
  0.855207 0.861672 0.995897 0.986206 0.970517 0.955923
  0.948811 0.948448 0.954814 0.968599 0.983673 0.993028
  1.0716 1.06017 1.04161 1.02426 1.01581 1.01542
  1.02309 1.03957 1.05748 1.06855 
EndWarp

BeginWarp
  Id 9
  NumberKnots 13
  KnotsX 0 0 0 0 0.166667 0.333333 0.5 0.666667 0.833333 1 1 1 1
  KnotsY 0 0 0 0 0.166667 0.333333 0.5 0.666667 0.833333 1 1 1 1
  NumberCoefs 9 9
  Coefs
  -0.109254 -0.0264607 0.123357 0.320614 0.505396 0.690042
  0.886863 1.03614 1.11858 -0.082027 -0.00318267 0.1397
  0.328482 0.505758 0.682913 0.871307 1.0137 1.09223
  -0.0414195 0.0313632 0.163737 0.339985 0.506354 0.672627
  0.848565 0.980542 1.05306 -0.00916483 0.0586105 0.182468
  0.34894 0.507042 0.665071 0.831309 0.954858 1.02242
  0.00254844 0.0685051 0.189308 0.352362 0.507631 0.662842
  0.825704 0.94625 1.01203 -0.00316758 0.0638154 0.186342
  0.35132 0.508182 0.664994 0.8298 0.952098 1.01892
  -0.0280104 0.043033 0.172445 0.34527 0.508741 0.672163
  0.844828 0.974023 1.04492 -0.0617101 0.014551 0.152973
  0.336458 0.509159 0.681812 0.86514 1.00335 1.07947
  -0.0846936 -0.00498995 0.139455 0.330249 0.509395 0.688494
  0.879134 1.02338 1.10294 
EndWarp

Version "Locarno 3.0"
BuildNumber 3002
Product bumblebee
SerialNumber 7420008
PartID BBXB3-13S2C
SensorResolution 1280 960
Date 11-Mar-2008 15:09:51
Debug off

Resolution 240 320
LowPass on
Rectify on
EdgeCorrelation on
DoStereo on
EdgeMaskSize 7
StereoMaskSize 11

Disparity 0 64
DisparityMappingOn off
DisparityMapping 0 64
TextureValidation on
TextureValidationThreshold 0.2
TextureValidationMapping 255
UniqueValidation off
UniqueValidationThreshold 0.8
UniqueValidationMapping 254
SubPixelInterpolate off
StrictSubpixelValidation off
SurfaceValidation on
SurfaceValidationMapping 253
SurfaceValidationDifference 1
SurfaceValidationSize 200

CameraConfiguration 2CameraHorizontal
FocalLength 0.767161 1.02288 
ImageCenter 0.503737 0.506984
BaseLine 0.120187 

ShearAngle 90 
SkewingMatrix 1 2.92732e-18 0 0 0 1 0 0 0 0 1 0 0 0 0 1 
UnskewingMatrix 1 -2.92732e-18 0 0 0 1 0 0 -0 -0 1 0 0 0 0 1 
BeginCamera
  Id 0
  Channel red
  Position 0 0 0
  Gain 1
  Warp 0 1
  IWarp 6 7
EndCamera

BeginCamera
  Id 1
  Channel green
  Position -1 0 0
  Gain 1
  Warp 2 3
  IWarp 8 9
EndCamera

BeginWarp
  Id 0
  NumberKnots 14
  KnotsX 0 0 0 0 0.142857 0.285714 0.428571 0.571429 0.714286 0.857143 1 1 1 1
  KnotsY 0 0 0 0 0.142857 0.285714 0.428571 0.571429 0.714286 0.857143 1 1 1 1
  NumberCoefs 10 10
  Coefs
  0.082699 0.0780811 0.069578 0.0601099 0.0548593 0.0543796
  0.0587047 0.0673419 0.0753787 0.0797871 0.116344 0.111841
  0.103526 0.094233 0.0890666 0.0885868 0.0928289 0.101295
  0.109149 0.113445 0.1889 0.184794 0.177169 0.168591
  0.163799 0.163329 0.167218 0.17499 0.18217 0.186079
  0.313425 0.31056 0.305221 0.29921 0.295839 0.29543
  0.298007 0.3033 0.308239 0.310926 0.449984 0.448909
  0.446896 0.444603 0.443254 0.442939 0.443673 0.445395
  0.447076 0.447999 0.591198 0.592125 0.593827 0.595618
  0.596444 0.596238 0.595005 0.592824 0.590873 0.589825
  0.728151 0.730888 0.735955 0.741514 0.744396 0.744298
  0.741213 0.735433 0.730195 0.727367 0.853327 0.857332
  0.864739 0.872939 0.877298 0.877284 0.872881 0.864585
  0.857069 0.852998 0.926381 0.930797 0.938924 0.947879
  0.952644 0.95266 0.947909 0.938911 0.930706 0.926239
  0.960273 0.96481 0.973137 0.982283 0.987146 0.987173
  0.982343 0.973174 0.964783 0.960201 
EndWarp

BeginWarp
  Id 1
  NumberKnots 12
  KnotsX 0 0 0 0 0.2 0.4 0.6 0.8 1 1 1 1
  KnotsY 0 0 0 0 0.2 0.4 0.6 0.8 1 1 1 1
  NumberCoefs 8 8
  Coefs
  0.0680695 0.119963 0.230508 0.411777 0.599237 0.781337
  0.892808 0.945197 0.0568292 0.109598 0.222503 0.408876
  0.602084 0.789365 0.903276 0.956576 0.0353244 0.0896297
  0.206867 0.403167 0.607771 0.805148 0.923555 0.978465
  0.0154638 0.0711359 0.192565 0.398291 0.613237 0.820146
  0.942897 0.999239 0.0155214 0.0712442 0.192803 0.398796
  0.614027 0.821173 0.944014 1.00038 0.0356227 0.090072
  0.207659 0.40465 0.60999 0.807975 0.926628 0.981624
  0.0574301 0.110392 0.223745 0.41095 0.605024 0.793036
  0.907274 0.960698 0.0688357 0.120942 0.231972 0.414119
  0.602488 0.785363 0.897194 0.949723 
EndWarp

BeginWarp
  Id 2
  NumberKnots 14
  KnotsX 0 0 0 0 0.142857 0.285714 0.428571 0.571429 0.714286 0.857143 1 1 1 1
  KnotsY 0 0 0 0 0.142857 0.285714 0.428571 0.571429 0.714286 0.857143 1 1 1 1
  NumberCoefs 10 10
  Coefs
  0.0819363 0.0774112 0.0690937 0.0599039 0.054934 0.0547363
  0.0593366 0.0682277 0.0764111 0.0808862 0.115396 0.110983
  0.102848 0.0938273 0.0889392 0.0887449 0.0932703 0.102
  0.110007 0.114373 0.187553 0.18353 0.176072 0.167748
  0.163226 0.163048 0.167239 0.175301 0.182649 0.186634
  0.311441 0.30865 0.303459 0.297682 0.294573 0.294462
  0.297361 0.302969 0.308093 0.310864 0.447386 0.446384
  0.444525 0.442481 0.441406 0.441388 0.442428 0.444446
  0.446303 0.447307 0.58802 0.589027 0.590901 0.592979
  0.594103 0.594183 0.593215 0.591277 0.589475 0.588498
  0.724396 0.72721 0.732449 0.7383 0.741479 0.741652
  0.738803 0.733234 0.72813 0.725368 0.849002 0.853071
  0.860622 0.869074 0.873696 0.873934 0.869761 0.861681
  0.854307 0.850307 0.921713 0.926183 0.934432 0.943604
  0.948603 0.948856 0.944334 0.935561 0.927505 0.923113
  0.95545 0.960037 0.968475 0.977823 0.982907 0.983163
  0.97856 0.969617 0.961378 0.956872 
EndWarp

BeginWarp
  Id 3
  NumberKnots 12
  KnotsX 0 0 0 0 0.2 0.4 0.6 0.8 1 1 1 1
  KnotsY 0 0 0 0 0.2 0.4 0.6 0.8 1 1 1 1
  NumberCoefs 8 8
  Coefs
  0.0535175 0.105171 0.215196 0.395628 0.582222 0.763428
  0.874304 0.926406 0.0421089 0.0946267 0.206993 0.392516
  0.584856 0.771238 0.884544 0.937552 0.0202053 0.0742358
  0.190888 0.386323 0.590091 0.786579 0.904363 0.958973
  -0.000412039 0.054943 0.175706 0.380602 0.594855 0.800946
  0.923051 0.979083 -0.00103054 0.0543611 0.175228 0.380371
  0.594908 0.801255 0.923475 0.979548 0.0185613 0.0727
  0.189636 0.385706 0.590208 0.787354 0.905446 0.960176
  0.0400553 0.0927238 0.205463 0.391751 0.584954 0.772126
  0.885831 0.939004 0.0513081 0.10313 0.213564 0.394808
  0.582304 0.764346 0.875657 0.927941 
EndWarp

BeginWarp
  Id 6
  NumberKnots 14
  KnotsX 0 0 0 0 0.142857 0.285714 0.428571 0.571429 0.714286 0.857143 1 1 1 1
  KnotsY 0 0 0 0 0.142857 0.285714 0.428571 0.571429 0.714286 0.857143 1 1 1 1
  NumberCoefs 10 10
  Coefs
  -0.148131 -0.134491 -0.112237 -0.0911833 -0.0805668 -0.0794017
  -0.0875889 -0.105913 -0.126003 -0.138436 -0.0643298 -0.0527089
  -0.033816 -0.0160261 -0.00707204 -0.00606044 -0.012902 -0.0283081
  -0.0453014 -0.0558594 0.0794029 0.087631 0.100913 0.113303
  0.119523 0.120285 0.11566 0.105081 0.0932544 0.0858444
  0.253454 0.257987 0.265249 0.271966 0.275356 0.275863
  0.273533 0.268016 0.261717 0.257726 0.40627 0.40797
  0.410694 0.413242 0.414589 0.414915 0.41424 0.412435
  0.410288 0.408908 0.551553 0.550763 0.549537 0.54851
  0.548127 0.548301 0.549033 0.550411 0.551878 0.552793
  0.700581 0.697127 0.691651 0.686745 0.684473 0.684487
  0.686767 0.691616 0.696988 0.700367 0.86581 0.85901
  0.848106 0.838125 0.833342 0.833149 0.837503 0.846926
  0.857317 0.863813 0.998548 0.988726 0.972841 0.958092
  0.950913 0.950524 0.956867 0.970608 0.985631 0.994957
  1.07487 1.06326 1.0444 1.02678 1.01814 1.01763
  1.02519 1.04153 1.05933 1.07033 
EndWarp

BeginWarp
  Id 7
  NumberKnots 13
  KnotsX 0 0 0 0 0.166667 0.333333 0.5 0.666667 0.833333 1 1 1 1
  KnotsY 0 0 0 0 0.166667 0.333333 0.5 0.666667 0.833333 1 1 1 1
  NumberCoefs 9 9
  Coefs
  -0.129984 -0.0453705 0.107317 0.307375 0.493939 0.679573
  0.876633 1.02552 1.1076 -0.102079 -0.0215559 0.123968
  0.315324 0.494242 0.672302 0.860879 1.00284 1.08098
  -0.0606137 0.0136321 0.148301 0.326798 0.494621 0.661705
  0.837781 0.969297 1.04141 -0.0280757 0.0409799 0.166842
  0.335294 0.494705 0.653486 0.819845 0.94292 1.01006
  -0.0168066 0.0503544 0.173038 0.337946 0.49444 0.650342
  0.813271 0.933293 0.998616 -0.0236275 0.0445775 0.169006
  0.335825 0.493858 0.651266 0.816003 0.937652 1.00395
  -0.0503784 0.0219981 0.15348 0.328254 0.492875 0.65676
  0.829124 0.957456 1.0277 -0.0861317 -0.0083969 0.132317
  0.31792 0.491795 0.664811 0.847627 0.984766 1.0601
  -0.110433 -0.0291682 0.11771 0.310737 0.491085 0.670497
  0.860506 1.00355 1.08226 
EndWarp

BeginWarp
  Id 8
  NumberKnots 14
  KnotsX 0 0 0 0 0.142857 0.285714 0.428571 0.571429 0.714286 0.857143 1 1 1 1
  KnotsY 0 0 0 0 0.142857 0.285714 0.428571 0.571429 0.714286 0.857143 1 1 1 1
  NumberCoefs 10 10
  Coefs
  -0.143394 -0.130381 -0.10927 -0.0897401 -0.0805882 -0.0809583
  -0.0908844 -0.111293 -0.13311 -0.146521 -0.0598095 -0.0487404
  -0.030849 -0.0143838 -0.00669706 -0.00701172 -0.0153578 -0.0325743
  -0.0510732 -0.0624857 0.0835064 0.091308 0.103822 0.115209
  0.120481 0.120256 0.114511 0.10258 0.0896219 0.081568
  0.257025 0.261265 0.268003 0.274047 0.276811 0.276679
  0.273635 0.267269 0.260266 0.255876 0.409424 0.410929
  0.413306 0.415412 0.41636 0.416295 0.415213 0.412954
  0.410454 0.408879 0.554433 0.553527 0.552092 0.550806
  0.550204 0.550199 0.55079 0.552073 0.55351 0.55442
  0.703392 0.699895 0.694342 0.689356 0.687053 0.68711
  0.689537 0.694677 0.700366 0.703943 0.868891 0.862129
  0.8513 0.84146 0.836888 0.837026 0.841894 0.852083
  0.863208 0.870141 1.00219 0.992475 0.9768 0.9624
  0.955662 0.955877 0.96307 0.977999 0.994111 1.00407
  1.07895 1.06748 1.04892 1.03177 1.02372 1.02398
  1.03258 1.05037 1.06946 1.08121 
EndWarp

BeginWarp
  Id 9
  NumberKnots 13
  KnotsX 0 0 0 0 0.166667 0.333333 0.5 0.666667 0.833333 1 1 1 1
  KnotsY 0 0 0 0 0.166667 0.333333 0.5 0.666667 0.833333 1 1 1 1
  NumberCoefs 9 9
  Coefs
  -0.108763 -0.0252024 0.125982 0.325157 0.512026 0.699238
  0.899521 1.05212 1.13662 -0.0814095 -0.00188349 0.142217
  0.33272 0.511879 0.691354 0.882881 1.02829 1.1087
  -0.0407345 0.0326113 0.165999 0.343703 0.511674 0.679917
  0.85851 0.993054 1.06718 -0.00867708 0.0595772 0.184306
  0.352046 0.511543 0.671273 0.839782 0.965528 1.03448
  0.002652 0.0690633 0.190694 0.35495 0.511534 0.668336
  0.833317 0.955914 1.02299 -0.00363809 0.0638237 0.187217
  0.353429 0.511627 0.670053 0.837021 0.961416 1.02957
  -0.0293412 0.042258 0.172668 0.346886 0.511842 0.677061
  0.852141 0.983676 1.05604 -0.0639212 0.0129911 0.152585
  0.337691 0.512107 0.686828 0.872923 1.01379 1.09156
  -0.0874562 -0.00704072 0.138691 0.331264 0.512287 0.693642
  0.887282 1.03438 1.1157 
EndWarp

   