
208.594, 232.625, -0.421474, 0.335685, 3.4875
201.017, 225.406, -0.496405, 0.281687, 3.58391
193.663, 217.291, -0.582427, 0.214413, 3.67027
186.863, 210.644, -0.666917, 0.15416, 3.78191
211.143, 220.131, -0.388961, 0.226559, 3.43345
203.3, 211.799, -0.469623, 0.152307, 3.51872
195.637, 205.122, -0.556206, 0.101909, 3.62012
188.683, 198.711, -0.638915, 0.0391429, 3.72982
213.41, 205.938, -0.365259, 0.0949951, 3.3745
205.603, 199.029, -0.444935, 0.0450996, 3.46469
197.836, 192.504, -0.528214, -0.0164913, 3.55464
190.285, 185.155, -0.608734, -0.0816346, 3.66145
215.773, 192.551, -0.342825, -0.0154123, 3.32206
207.616, 185.203, -0.420757, -0.0760369, 3.41039
199.689, 178.402, -0.502657, -0.139893, 3.50153
192.195, 171.804, -0.578614, -0.206767, 3.58919
218.232, 178.618, -0.310989, -0.129925, 3.25202
209.804, 171.003, -0.396451, -0.193009, 3.35037
202.003, 164.845, -0.467958, -0.259001, 3.44121
194.122, 158.058, -0.549819, -0.318271, 3.52075
220.595, 162.924, -0.289181, -0.256378, 3.19238
212.169, 156.219, -0.363797, -0.313478, 3.28445
203.87, 149.806, -0.4505, -0.38176, 3.37543
196.31, 144.293, -0.523438, -0.435426, 3.4637
223.027, 147.188, -0.260185, -0.370274, 3.13408
214.495, 140.893, -0.340528, -0.437423, 3.22107
206.294, 135.238, -0.416648, -0.491159, 3.30943
198.13, 129.046, -0.497341, -0.55682, 3.40467


157.603, 277.342, -0.838889, 0.705291, 3.36239
141, 282, -0.959494, 0.736118, 3.31033
124.317, 287.003, -1.0806, 0.763147, 3.24768
107.476, 292.426, -1.20699, 0.795623, 3.21343
153.612, 267.277, -0.899367, 0.639357, 3.46469
137.769, 272.2, -1.02233, 0.671971, 3.40848
121.536, 276.282, -1.14012, 0.694319, 3.35037
104.272, 281.133, -1.26706, 0.726978, 3.30673
150, 258.35, -0.952672, 0.577115, 3.56608
134.341, 262.11, -1.08234, 0.605125, 3.51973
118.178, 266.531, -1.20489, 0.630439, 3.4637
102.211, 270.562, -1.3225, 0.65441, 3.40657
146.104, 248.763, -1.0203, 0.502763, 3.68025
130.917, 253.181, -1.15007, 0.540364, 3.62119
115.557, 256.733, -1.27121, 0.560766, 3.57655
99.0243, 260.908, -1.39467, 0.588049, 3.5238
142.712, 240.823, -1.08597, 0.440064, 3.77956
127.93, 244.102, -1.21131, 0.471326, 3.72526
112.443, 247.882, -1.3339, 0.492736, 3.6747
97.0304, 251.444, -1.45842, 0.524591, 3.63849
139.162, 232.272, -1.14548, 0.373887, 3.88438
124.349, 235.79, -1.27738, 0.398578, 3.8391
110.037, 239.045, -1.38588, 0.428934, 3.76555
94.721, 242.803, -1.52278, 0.452948, 3.72868
136.329, 225.15, -1.20444, 0.312985, 3.98213
122.178, 227.766, -1.33243, 0.329947, 3.94474
107.672, 231.307, -1.45901, 0.364089, 3.88438
92.5095, 234.488, -1.58028, 0.387187, 3.82224


358.906, 245.793, 0.829415, 0.41566, 3.22107
374.4, 251.2, 0.923757, 0.44715, 3.10138
390.805, 256.666, 1.02902, 0.477036, 3.04252
408.983, 262.638, 1.12719, 0.505171, 2.93834
350.201, 249.242, 0.733771, 0.430191, 3.09193
366.636, 254.922, 0.844201, 0.461342, 3.04025
383.6, 260.6, 0.938731, 0.488698, 2.92846
401.397, 266.555, 1.04752, 0.520997, 2.86242
342.266, 252.638, 0.656228, 0.44335, 3.02215
357.582, 258.941, 0.743643, 0.471997, 2.91654
375.5, 264.598, 0.856182, 0.504424, 2.85036
394.525, 271, 0.955674, 0.534015, 2.74382
332.446, 256.261, 0.555608, 0.453916, 2.89506
349.666, 262.839, 0.665053, 0.48697, 2.83248
366.368, 269.071, 0.758815, 0.518074, 2.73275
385.991, 276.181, 0.859889, 0.547299, 2.64094
323.463, 259.766, 0.476969, 0.463275, 2.81872
341.168, 266.69, 0.585968, 0.496949, 2.7303
358.132, 273.709, 0.680034, 0.527315, 2.64094
377.981, 281.05, 0.780056, 0.5615, 2.55404
313.725, 264.228, 0.389734, 0.47899, 2.70664
330.029, 271.211, 0.488121, 0.508373, 2.61207
347.443, 278.961, 0.583369, 0.53901, 2.53914
367.828, 286.331, 0.685051, 0.568337, 2.44489
301.71, 268.146, 0.294905, 0.485072, 2.59317
318.055, 276.127, 0.395003, 0.522715, 2.52232
337.719, 284.156, 0.497253, 0.552897, 2.43123
356.813, 292.595, 0.590556, 0.579191, 2.33928


205.787, 182.381, -0.548295, -0.1275, 4.26956
209.136, 171.647, -0.499963, -0.243403, 4.22514
211.901, 159.561, -0.472909, -0.366838, 4.17448
215.262, 147.019, -0.424251, -0.485703, 4.1111
211.29, 188.075, -0.473234, -0.0615268, 4.17734
214.61, 176.982, -0.43624, -0.185675, 4.12642
217.711, 165.215, -0.399202, -0.295857, 4.06719
221.007, 153.047, -0.353216, -0.41317, 4.01096
217.008, 194.876, -0.399336, 0.00164888, 4.06855
220.442, 182.678, -0.364533, -0.120174, 4.02421
223.808, 171.208, -0.329296, -0.228507, 3.96657
227.354, 159.369, -0.285009, -0.343425, 3.90805
222.705, 201.031, -0.340076, 0.0718062, 3.97563
226.569, 189.693, -0.295625, -0.0478259, 3.91811
230.201, 177.884, -0.252281, -0.163941, 3.85978
233.72, 164.902, -0.220421, -0.287049, 3.81387
228.811, 208.601, -0.273659, 0.13883, 3.88686
232.848, 197.035, -0.230113, 0.0304147, 3.81506
236.585, 184.086, -0.189018, -0.0933957, 3.76322
240.416, 171.227, -0.149024, -0.213886, 3.71277
235.102, 215.485, -0.198878, 0.201232, 3.77021
239.404, 203.661, -0.158389, 0.0857881, 3.71277
243.391, 190.985, -0.119582, -0.0355538, 3.67138
247.401, 178.039, -0.0815084, -0.144846, 3.6255
241.864, 223.785, -0.138562, 0.270938, 3.68359
246.371, 211.693, -0.0908152, 0.15721, 3.63199
250.575, 198.335, -0.0533755, 0.0375565, 3.57865
255.034, 185.606, -0.00810712, -0.0784748, 3.51973


67.6425, 135.966, -1.59121, -0.495601, 3.33936
85.3928, 134.585, -1.47476, -0.516334, 3.42092
102.551, 133.464, -1.34851, -0.533044, 3.47358
117.65, 132.077, -1.23719, -0.550755, 3.53095
71.4578, 142.813, -1.51154, -0.42375, 3.24077
89.01, 141.196, -1.39558, -0.441794, 3.31483
105.883, 139.292, -1.28736, -0.467806, 3.38199
122.2, 137.6, -1.16663, -0.495175, 3.45389
74.0278, 149.786, -1.44325, -0.355744, 3.14541
92.6593, 148.521, -1.33243, -0.372623, 3.22277
109.495, 145.723, -1.22204, -0.40625, 3.29778
126.697, 143.934, -1.10089, -0.430815, 3.35961
78.517, 157.093, -1.37014, -0.283706, 3.0532
96.9651, 155.267, -1.26252, -0.306638, 3.13006
114.561, 152.847, -1.14723, -0.338229, 3.20497
131.626, 150.629, -1.02626, -0.360176, 3.25723
82.1934, 165.034, -1.29457, -0.214674, 2.95115
101.218, 162.656, -1.18647, -0.243856, 3.03646
119.332, 160.051, -1.06588, -0.263441, 3.08645
136.827, 157.613, -0.957044, -0.29402, 3.16419
86.2954, 172.827, -1.22792, -0.157827, 2.86511
105.224, 170.188, -1.11768, -0.176557, 2.93622
124.34, 167.722, -1.00035, -0.203532, 3.00649
141.613, 164.793, -0.891443, -0.23148, 3.07555
89.9429, 181.374, -1.1678, -0.0898296, 2.7738
110.693, 178.676, -1.04392, -0.113321, 2.83643
129.143, 175.5, -0.929186, -0.137931, 2.90265
148.118, 172.76, -0.809358, -0.163797, 2.97348

