

199.91, 221.233, -0.577241, 0.30822, 3.83983
194.95, 229.674, -0.60424, 0.373294, 3.70333
189.866, 237.303, -0.634117, 0.437162, 3.60309
184.506, 245.399, -0.662808, 0.497956, 3.51019
197.005, 210.214, -0.588462, 0.196984, 3.78524
192.044, 216.969, -0.621136, 0.248898, 3.69078
186.901, 225.526, -0.649742, 0.320232, 3.53713
181.376, 233.418, -0.677135, 0.382682, 3.44558
194.266, 197.317, -0.610658, 0.0699064, 3.74267
189.086, 204.568, -0.640085, 0.133268, 3.637
183.82, 212.223, -0.669463, 0.199983, 3.49789
178.181, 219.847, -0.695857, 0.256017, 3.40736
191.511, 185.404, -0.6201, -0.0439769, 3.62929
186.2, 191.725, -0.653213, 0.0116656, 3.55603
180.73, 198.434, -0.683031, 0.0728852, 3.43078
174.646, 206.965, -0.711016, 0.138482, 3.31496
189.002, 171.741, -0.640085, -0.174741, 3.637
183.201, 178.415, -0.67005, -0.105313, 3.50096
177.377, 185.427, -0.699429, -0.0409847, 3.38235
170.998, 193.645, -0.734076, 0.0274784, 3.26616
186.297, 157.669, -0.652826, -0.298435, 3.55392
180.17, 164.54, -0.685189, -0.227179, 3.44162
173.92, 171.969, -0.717142, -0.158741, 3.30399
167.589, 178.51, -0.744805, -0.0963845, 3.20414
183.227, 144.307, -0.669072, -0.410186, 3.49585
176.941, 150.245, -0.704727, -0.34314, 3.36619
170.61, 156.575, -0.732479, -0.282037, 3.25905
163.69, 163.881, -0.762803, -0.215518, 3.14278


249.424, 247.883, -0.0858843, 0.573433, 3.9011
262.835, 252.05, 0.0437502, 0.616265, 3.8559
274.912, 255.753, 0.161352, 0.64141, 3.82879
287.701, 260.549, 0.285799, 0.682684, 3.78524
244.205, 256.646, -0.13228, 0.645664, 3.79603
256.958, 260.271, -0.0152345, 0.678184, 3.76029
269.74, 264.882, 0.108916, 0.708336, 3.71597
283.534, 268.287, 0.239673, 0.738011, 3.6738
238.468, 264.881, -0.185214, 0.702669, 3.68624
251.341, 269.63, -0.0614776, 0.740851, 3.64142
265.34, 273.685, 0.0684363, 0.76796, 3.59336
279.21, 277.837, 0.195371, 0.796012, 3.55392
231.899, 274.447, -0.243057, 0.770709, 3.56344
246.07, 278.711, -0.105072, 0.801093, 3.53609
259.388, 283.392, 0.0127472, 0.836589, 3.49483
274.031, 287.217, 0.145538, 0.862152, 3.45352
226.066, 283.666, -0.281089, 0.830291, 3.46852
239.474, 288.892, -0.163386, 0.864288, 3.42685
254.391, 293.365, -0.0310022, 0.894695, 3.37568
268.498, 298.204, 0.0890003, 0.924722, 3.32785
218.655, 294.274, -0.33952, 0.894536, 3.34271
233.597, 298.981, -0.208403, 0.918091, 3.30399
248.885, 303.631, -0.0804853, 0.951824, 3.27419
263.054, 308.445, 0.0450478, 0.982823, 3.23791
211.928, 304.903, -0.38788, 0.951643, 3.24493
227.295, 309.897, -0.251777, 0.982108, 3.20843
241.9, 315.425, -0.134169, 1.01386, 3.15353
257.339, 320.407, -0.00461057, 1.03793, 3.1045


160.789, 155.875, -1.22102, -0.434478, 4.87598
162.538, 150.19, -1.21528, -0.505061, 4.95462
164.98, 143.398, -1.2248, -0.611516, 5.10016
166.593, 138.207, -1.24034, -0.700518, 5.27765
170.684, 154.486, -1.08616, -0.443024, 4.8327
172.135, 148.542, -1.07612, -0.524633, 4.89991
174.601, 141.912, -1.08514, -0.632576, 5.05924
175.718, 136.31, -1.09908, -0.715006, 5.18626
181.714, 151.661, -0.945922, -0.478301, 4.81329
183.135, 145.974, -0.938179, -0.562586, 4.90191
185.249, 139.154, -0.932478, -0.651663, 5.00638
186.394, 134.141, -0.953912, -0.74259, 5.19301
191.789, 149.833, -0.820093, -0.501595, 4.79979
192.866, 144.183, -0.818265, -0.570497, 4.86212
195.056, 137.75, -0.801989, -0.675665, 4.99386
195.619, 132.176, -0.821157, -0.757424, 5.11322
203.119, 146.858, -0.670133, -0.536828, 4.78445
204.117, 141.587, -0.669077, -0.608424, 4.86607
205.664, 134.577, -0.668814, -0.708794, 4.95667
206.589, 129.685, -0.673939, -0.793403, 5.09149
213.709, 145.44, -0.541297, -0.543034, 4.73154
213.907, 139.572, -0.550649, -0.626529, 4.81329
215.854, 133.335, -0.537829, -0.716474, 4.92205
215.898, 127.69, -0.549339, -0.809219, 5.02739
224.794, 142.019, -0.40327, -0.573123, 4.67979
225.516, 136.951, -0.402421, -0.663586, 4.81329
226.469, 129.866, -0.398229, -0.765742, 4.91398
227.037, 125.212, -0.394353, -0.834672, 5.02528


118.568, 266.239, -1.16644, 0.637446, 3.25639
112.569, 253.226, -1.19418, 0.519072, 3.19644
106.738, 239.27, -1.22413, 0.397965, 3.14691
100.436, 225.007, -1.25154, 0.280193, 3.09488
127.739, 256.89, -1.12929, 0.573197, 3.36998
122.25, 243.656, -1.16013, 0.455895, 3.33434
116.951, 230.223, -1.18897, 0.338254, 3.2724
111.136, 216.238, -1.21143, 0.217183, 3.2205
136.611, 248.129, -1.09136, 0.523141, 3.49789
131.622, 235.014, -1.11732, 0.399677, 3.43964
126.421, 221.798, -1.14827, 0.272962, 3.40059
121.017, 208.073, -1.16447, 0.155841, 3.32232
145.314, 239.329, -1.04222, 0.456204, 3.60743
140.232, 227.091, -1.07141, 0.33969, 3.55076
135.409, 213.815, -1.10098, 0.209082, 3.49993
130.325, 200.451, -1.12518, 0.0906497, 3.43668
153.37, 231.239, -0.997287, 0.39364, 3.71597
148.577, 219.034, -1.02995, 0.275193, 3.66257
143.707, 206.775, -1.06137, 0.150791, 3.6096
139.062, 193.379, -1.08341, 0.0299527, 3.56026
160.711, 223.769, -0.960013, 0.327403, 3.83369
156.226, 211.822, -0.986113, 0.206567, 3.78285
151.802, 199.412, -1.01762, 0.08859, 3.72058
147.188, 186.833, -1.0419, -0.0350668, 3.67155
167.971, 216.414, -0.916665, 0.265939, 3.94347
163.47, 204.955, -0.946552, 0.142898, 3.89983
159.353, 192.846, -0.972029, 0.0224651, 3.84229
155.036, 180.464, -0.999609, -0.0947359, 3.79723


263.14, 228.73, 0.0354934, 0.250609, 2.55117
242.732, 226.204, -0.10276, 0.239299, 2.57032
224.355, 222.873, -0.2261, 0.217344, 2.6238
206.501, 220.092, -0.35263, 0.207005, 2.66406
267.975, 218.533, 0.0643966, 0.193289, 2.66347
249.603, 215.166, -0.0594435, 0.175158, 2.70008
230.674, 213.005, -0.192618, 0.162582, 2.72155
213.446, 210.184, -0.316967, 0.144184, 2.77065
273.79, 208.875, 0.110185, 0.130598, 2.78417
256.217, 205.955, -0.0114853, 0.111152, 2.8349
237.692, 203.272, -0.150712, 0.0972461, 2.8538
219.75, 201.412, -0.285737, 0.083534, 2.88612
278.268, 199.742, 0.151691, 0.06892, 2.89448
260.885, 197.599, 0.0181744, 0.0546314, 2.92487
243.023, 195.413, -0.110891, 0.0401486, 2.96395
226.975, 192.689, -0.244063, 0.0176084, 3.01163
282.681, 191.178, 0.188272, 0.00985488, 3.00408
266.389, 188.901, 0.0660825, -0.0135103, 3.05775
249.194, 186.885, -0.067942, -0.0294752, 3.08611
233.837, 184.622, -0.197199, -0.0459062, 3.12638
287.221, 182.962, 0.236794, -0.0621472, 3.1362
270.306, 181.534, 0.10063, -0.070658, 3.15686
254.967, 179.081, -0.0293718, -0.087997, 3.19815
238.883, 177.755, -0.162512, -0.105596, 3.23441
290.382, 175.817, 0.269913, -0.122561, 3.24405
274.553, 174.179, 0.13783, -0.131958, 3.27062
259.086, 172.355, 0.0120379, -0.150097, 3.30035
243.275, 170.895, -0.125376, -0.169606, 3.35113
